ModelWeb Browser Results

nrlmsise model listing
Required input parameters
Year= 2015, Month=  6, Day= 13, Hour=12.00,
Time_type = Local
Coordinate_type = Geographic
Latitude=  -10.00, Longitude=  252.00, Height=   100.00
Prof. parameters: Start=     0.00 Stop=   200.00 Step=     1.00

Optional input parameters:

Sunspot number(Rz12) =not specified
Ionospheric index(IG12) =not specified
Upper limit for Electron content = not specified
F peak model =  
Ne Topside =  
foF2 Storm model =  
Bottomside Thickness =  
F1 occurrence probability =  
D-Region Ne =  
Topside Te =  
Ion Composition =  

Selected output parameters:
1  Height, km
2  O, cm-3 
3  N2, cm-3
4  O2, cm-3
5  Mass_density, g/cm-3
6  Temperature_neutral, K
7  Temperature_exospheric, K
8  He, cm-3 
9  Ar, cm-3
10  H, cm-3
11  N, cm-3
12  Anomalous_Oxygen, cm-3

1         2         3         4         5         6         7         8         9         10         11         12         
    0.0  0.000E+00  1.888E+19  5.066E+18 1.162E-03  298.9  1027  1.267E+14  2.259E+17  0.000E+00  0.000E+00  0.000E+00
    1.0  0.000E+00  1.721E+19  4.616E+18 1.059E-03  292.4  1027  1.155E+14  2.058E+17  0.000E+00  0.000E+00  0.000E+00
    2.0  0.000E+00  1.560E+19  4.185E+18 9.598E-04  286.7  1027  1.047E+14  1.866E+17  0.000E+00  0.000E+00  0.000E+00
    3.0  0.000E+00  1.409E+19  3.781E+18 8.672E-04  281.5  1027  9.459E+13  1.686E+17  0.000E+00  0.000E+00  0.000E+00
    4.0  0.000E+00  1.270E+19  3.408E+18 7.816E-04  276.4  1027  8.525E+13  1.520E+17  0.000E+00  0.000E+00  0.000E+00
    5.0  0.000E+00  1.143E+19  3.067E+18 7.034E-04  271.3  1027  7.672E+13  1.368E+17  0.000E+00  0.000E+00  0.000E+00
    6.0  0.000E+00  1.028E+19  2.758E+18 6.326E-04  265.8  1027  6.900E+13  1.230E+17  0.000E+00  0.000E+00  0.000E+00
    7.0  0.000E+00  9.245E+18  2.480E+18 5.688E-04  259.7  1027  6.204E+13  1.106E+17  0.000E+00  0.000E+00  0.000E+00
    8.0  0.000E+00  8.313E+18  2.230E+18 5.115E-04  253.0  1027  5.579E+13  9.944E+16  0.000E+00  0.000E+00  0.000E+00
    9.0  0.000E+00  7.477E+18  2.006E+18 4.600E-04  245.4  1027  5.017E+13  8.943E+16  0.000E+00  0.000E+00  0.000E+00
   10.0  0.000E+00  6.724E+18  1.804E+18 4.137E-04  237.1  1027  4.512E+13  8.043E+16  0.000E+00  0.000E+00  0.000E+00
   11.0  0.000E+00  6.040E+18  1.620E+18 3.716E-04  228.1  1027  4.053E+13  7.225E+16  0.000E+00  0.000E+00  0.000E+00
   12.0  0.000E+00  5.396E+18  1.448E+18 3.320E-04  219.3  1027  3.621E+13  6.455E+16  0.000E+00  0.000E+00  0.000E+00
   13.0  0.000E+00  4.777E+18  1.281E+18 2.939E-04  211.7  1027  3.206E+13  5.714E+16  0.000E+00  0.000E+00  0.000E+00
   14.0  0.000E+00  4.179E+18  1.121E+18 2.571E-04  205.6  1027  2.804E+13  4.998E+16  0.000E+00  0.000E+00  0.000E+00
   15.0  0.000E+00  3.606E+18  9.673E+17 2.218E-04  201.7  1027  2.420E+13  4.313E+16  0.000E+00  0.000E+00  0.000E+00
   16.0  0.000E+00  3.069E+18  8.232E+17 1.888E-04  200.2  1027  2.059E+13  3.670E+16  0.000E+00  0.000E+00  0.000E+00
   17.0  0.000E+00  2.585E+18  6.936E+17 1.591E-04  200.6  1027  1.735E+13  3.092E+16  0.000E+00  0.000E+00  0.000E+00
   18.0  0.000E+00  2.165E+18  5.809E+17 1.332E-04  202.5  1027  1.453E+13  2.590E+16  0.000E+00  0.000E+00  0.000E+00
   19.0  0.000E+00  1.809E+18  4.854E+17 1.113E-04  205.2  1027  1.214E+13  2.164E+16  0.000E+00  0.000E+00  0.000E+00
   20.0  0.000E+00  1.513E+18  4.058E+17 9.307E-05  208.4  1027  1.015E+13  1.810E+16  0.000E+00  0.000E+00  0.000E+00
   21.0  0.000E+00  1.269E+18  3.404E+17 7.806E-05  211.5  1027  8.515E+12  1.518E+16  0.000E+00  0.000E+00  0.000E+00
   22.0  0.000E+00  1.068E+18  2.864E+17 6.569E-05  214.4  1027  7.165E+12  1.277E+16  0.000E+00  0.000E+00  0.000E+00
   23.0  0.000E+00  9.013E+17  2.418E+17 5.545E-05  217.1  1027  6.048E+12  1.078E+16  0.000E+00  0.000E+00  0.000E+00
   24.0  0.000E+00  7.629E+17  2.047E+17 4.694E-05  219.7  1027  5.120E+12  9.126E+15  0.000E+00  0.000E+00  0.000E+00
   25.0  0.000E+00  6.475E+17  1.737E+17 3.984E-05  222.2  1027  4.345E+12  7.745E+15  0.000E+00  0.000E+00  0.000E+00
   26.0  0.000E+00  5.508E+17  1.478E+17 3.389E-05  224.5  1027  3.696E+12  6.589E+15  0.000E+00  0.000E+00  0.000E+00
   27.0  0.000E+00  4.696E+17  1.260E+17 2.889E-05  226.7  1027  3.151E+12  5.617E+15  0.000E+00  0.000E+00  0.000E+00
   28.0  0.000E+00  4.011E+17  1.076E+17 2.468E-05  228.9  1027  2.692E+12  4.798E+15  0.000E+00  0.000E+00  0.000E+00
   29.0  0.000E+00  3.433E+17  9.208E+16 2.112E-05  230.9  1027  2.303E+12  4.106E+15  0.000E+00  0.000E+00  0.000E+00
   30.0  0.000E+00  2.942E+17  7.893E+16 1.810E-05  232.9  1027  1.974E+12  3.519E+15  0.000E+00  0.000E+00  0.000E+00
   31.0  0.000E+00  2.525E+17  6.774E+16 1.554E-05  234.9  1027  1.695E+12  3.021E+15  0.000E+00  0.000E+00  0.000E+00
   32.0  0.000E+00  2.170E+17  5.822E+16 1.335E-05  237.0  1027  1.456E+12  2.596E+15  0.000E+00  0.000E+00  0.000E+00
   33.0  0.000E+00  1.867E+17  5.010E+16 1.149E-05  239.0  1027  1.253E+12  2.234E+15  0.000E+00  0.000E+00  0.000E+00
   34.0  0.000E+00  1.609E+17  4.315E+16 9.896E-06  241.1  1027  1.079E+12  1.924E+15  0.000E+00  0.000E+00  0.000E+00
   35.0  0.000E+00  1.387E+17  3.721E+16 8.533E-06  243.3  1027  9.308E+11  1.659E+15  0.000E+00  0.000E+00  0.000E+00
   36.0  0.000E+00  1.197E+17  3.212E+16 7.367E-06  245.6  1027  8.035E+11  1.432E+15  0.000E+00  0.000E+00  0.000E+00
   37.0  0.000E+00  1.035E+17  2.777E+16 6.368E-06  247.9  1027  6.946E+11  1.238E+15  0.000E+00  0.000E+00  0.000E+00
   38.0  0.000E+00  8.960E+16  2.404E+16 5.513E-06  250.1  1027  6.013E+11  1.072E+15  0.000E+00  0.000E+00  0.000E+00
   39.0  0.000E+00  7.767E+16  2.084E+16 4.779E-06  252.4  1027  5.212E+11  9.291E+14  0.000E+00  0.000E+00  0.000E+00
   40.0  0.000E+00  6.744E+16  1.809E+16 4.149E-06  254.5  1027  4.526E+11  8.067E+14  0.000E+00  0.000E+00  0.000E+00
   41.0  0.000E+00  5.864E+16  1.573E+16 3.608E-06  256.6  1027  3.935E+11  7.015E+14  0.000E+00  0.000E+00  0.000E+00
   42.0  0.000E+00  5.108E+16  1.370E+16 3.143E-06  258.6  1027  3.428E+11  6.110E+14  0.000E+00  0.000E+00  0.000E+00
   43.0  0.000E+00  4.457E+16  1.196E+16 2.742E-06  260.4  1027  2.991E+11  5.331E+14  0.000E+00  0.000E+00  0.000E+00
   44.0  0.000E+00  3.895E+16  1.045E+16 2.396E-06  262.0  1027  2.614E+11  4.659E+14  0.000E+00  0.000E+00  0.000E+00
   45.0  0.000E+00  3.409E+16  9.146E+15 2.098E-06  263.3  1027  2.288E+11  4.078E+14  0.000E+00  0.000E+00  0.000E+00
   46.0  0.000E+00  2.990E+16  8.020E+15 1.839E-06  264.4  1027  2.006E+11  3.576E+14  0.000E+00  0.000E+00  0.000E+00
   47.0  0.000E+00  2.626E+16  7.044E+15 1.615E-06  265.2  1027  1.762E+11  3.141E+14  0.000E+00  0.000E+00  0.000E+00
   48.0  0.000E+00  2.310E+16  6.196E+15 1.421E-06  265.7  1027  1.550E+11  2.763E+14  0.000E+00  0.000E+00  0.000E+00
   49.0  0.000E+00  2.035E+16  5.459E+15 1.252E-06  265.8  1027  1.365E+11  2.434E+14  0.000E+00  0.000E+00  0.000E+00
   50.0  0.000E+00  1.795E+16  4.816E+15 1.104E-06  265.6  1027  1.205E+11  2.147E+14  0.000E+00  0.000E+00  0.000E+00
   51.0  0.000E+00  1.586E+16  4.254E+15 9.756E-07  265.0  1027  1.064E+11  1.897E+14  0.000E+00  0.000E+00  0.000E+00
   52.0  0.000E+00  1.402E+16  3.762E+15 8.628E-07  264.0  1027  9.411E+10  1.677E+14  0.000E+00  0.000E+00  0.000E+00
   53.0  0.000E+00  1.241E+16  3.331E+15 7.638E-07  262.6  1027  8.331E+10  1.485E+14  0.000E+00  0.000E+00  0.000E+00
   54.0  0.000E+00  1.100E+16  2.951E+15 6.768E-07  260.8  1027  7.382E+10  1.316E+14  0.000E+00  0.000E+00  0.000E+00
   55.0  0.000E+00  9.754E+15  2.617E+15 6.001E-07  258.5  1027  6.545E+10  1.167E+14  0.000E+00  0.000E+00  0.000E+00
   56.0  0.000E+00  8.652E+15  2.321E+15 5.323E-07  255.9  1027  5.806E+10  1.035E+14  0.000E+00  0.000E+00  0.000E+00
   57.0  0.000E+00  7.675E+15  2.059E+15 4.722E-07  252.9  1027  5.150E+10  9.180E+13  0.000E+00  0.000E+00  0.000E+00
   58.0  0.000E+00  6.805E+15  1.826E+15 4.187E-07  249.6  1027  4.567E+10  8.140E+13  0.000E+00  0.000E+00  0.000E+00
   59.0  0.000E+00  6.029E+15  1.617E+15 3.709E-07  246.2  1027  4.046E+10  7.212E+13  0.000E+00  0.000E+00  0.000E+00
   60.0  0.000E+00  5.335E+15  1.431E+15 3.282E-07  242.7  1027  3.580E+10  6.381E+13  0.000E+00  0.000E+00  0.000E+00
   61.0  0.000E+00  4.713E+15  1.264E+15 2.899E-07  239.2  1027  3.163E+10  5.637E+13  0.000E+00  0.000E+00  0.000E+00
   62.0  0.000E+00  4.155E+15  1.115E+15 2.557E-07  235.6  1027  2.789E+10  4.971E+13  0.000E+00  0.000E+00  0.000E+00
   63.0  0.000E+00  3.656E+15  9.799E+14 2.249E-07  232.1  1027  2.455E+10  4.373E+13  0.000E+00  0.000E+00  0.000E+00
   64.0  0.000E+00  3.210E+15  8.585E+14 1.974E-07  228.8  1027  2.157E+10  3.838E+13  0.000E+00  0.000E+00  0.000E+00
   65.0  0.000E+00  2.811E+15  7.503E+14 1.727E-07  225.6  1027  1.890E+10  3.361E+13  0.000E+00  0.000E+00  0.000E+00
   66.0  0.000E+00  2.455E+15  6.540E+14 1.508E-07  222.5  1027  1.652E+10  2.935E+13  0.000E+00  0.000E+00  0.000E+00
   67.0  0.000E+00  2.138E+15  5.685E+14 1.313E-07  219.7  1027  1.441E+10  2.556E+13  0.000E+00  0.000E+00  0.000E+00
   68.0  0.000E+00  1.857E+15  4.928E+14 1.140E-07  217.1  1027  1.252E+10  2.219E+13  0.000E+00  0.000E+00  0.000E+00
   69.0  0.000E+00  1.609E+15  4.260E+14 9.868E-08  214.8  1027  1.086E+10  1.922E+13  0.000E+00  0.000E+00  0.000E+00
   70.0  0.000E+00  1.390E+15  3.672E+14 8.520E-08  212.8  1027  9.386E+09  1.660E+13  0.000E+00  0.000E+00  0.000E+00
   71.0  0.000E+00  1.197E+15  3.157E+14 7.336E-08  211.1  1027  8.092E+09  1.430E+13  0.000E+00  0.000E+00  0.000E+00
   72.0  0.000E+00  1.029E+15  2.707E+14 6.300E-08  209.7  1027  6.959E+09  1.228E+13  0.000E+00  0.000E+00  0.000E+00
   73.0  9.181E+06  8.833E+14  2.320E+14 5.408E-08  208.6  1027  5.983E+09  1.054E+13  6.140E-23  5.044E+04  0.000E+00
   74.0  2.363E+07  7.579E+14  1.987E+14 4.638E-08  207.2  1027  5.141E+09  9.043E+12  1.932E-11  5.467E+04  0.000E+00
   75.0  5.963E+07  6.506E+14  1.703E+14 3.980E-08  205.4  1027  4.421E+09  7.760E+12  3.914E-04  5.937E+04  0.000E+00
   76.0  1.463E+08  5.585E+14  1.458E+14 3.415E-08  203.3  1027  3.802E+09  6.658E+12  1.477E+01  6.456E+04  0.000E+00
   77.0  3.467E+08  4.791E+14  1.248E+14 2.928E-08  201.1  1027  3.270E+09  5.709E+12  1.008E+04  7.025E+04  0.000E+00
   78.0  7.882E+08  4.107E+14  1.067E+14 2.508E-08  198.7  1027  2.811E+09  4.890E+12  5.491E+05  7.644E+04  0.000E+00
   79.0  1.711E+09  3.515E+14  9.111E+13 2.145E-08  196.2  1027  2.413E+09  4.182E+12  6.151E+06  8.315E+04  0.000E+00
   80.0  3.530E+09  3.003E+14  7.761E+13 1.832E-08  193.7  1027  2.070E+09  3.570E+12  2.575E+07  9.037E+04  0.000E+00
   81.0  6.907E+09  2.560E+14  6.596E+13 1.561E-08  191.2  1027  1.773E+09  3.040E+12  5.853E+07  9.810E+04  0.000E+00
   82.0  1.279E+10  2.178E+14  5.591E+13 1.326E-08  188.8  1027  1.516E+09  2.583E+12  9.112E+07  1.063E+05  0.000E+00
   83.0  2.241E+10  1.847E+14  4.725E+13 1.124E-08  186.4  1027  1.295E+09  2.188E+12  1.122E+08  1.150E+05  0.000E+00
   84.0  3.713E+10  1.563E+14  3.981E+13 9.504E-09  184.3  1027  1.104E+09  1.848E+12  1.196E+08  1.241E+05  0.000E+00
   85.0  5.827E+10  1.319E+14  3.344E+13 8.012E-09  182.3  1027  9.398E+08  1.556E+12  1.166E+08  1.337E+05  0.000E+00
   86.0  8.672E+10  1.110E+14  2.800E+13 6.735E-09  180.5  1027  7.992E+08  1.306E+12  1.076E+08  1.437E+05  0.000E+00
   87.0  1.227E+11  9.312E+13  2.336E+13 5.645E-09  178.9  1027  6.792E+08  1.093E+12  9.606E+07  1.540E+05  0.000E+00
   88.0  1.654E+11  7.791E+13  1.943E+13 4.719E-09  177.6  1027  5.770E+08  9.109E+11  8.412E+07  1.647E+05  0.000E+00
   89.0  2.131E+11  6.502E+13  1.611E+13 3.934E-09  176.7  1027  4.901E+08  7.569E+11  7.288E+07  1.758E+05  0.000E+00
   90.0  2.631E+11  5.412E+13  1.331E+13 3.271E-09  176.0  1027  4.167E+08  6.268E+11  6.283E+07  1.872E+05  0.000E+00
   91.0  3.125E+11  4.495E+13  1.097E+13 2.715E-09  175.7  1027  3.547E+08  5.174E+11  5.411E+07  1.990E+05  0.000E+00
   92.0  3.581E+11  3.726E+13  9.015E+12 2.248E-09  175.7  1027  3.026E+08  4.258E+11  4.667E+07  2.112E+05  0.000E+00
   93.0  3.973E+11  3.084E+13  7.390E+12 1.860E-09  176.0  1027  2.591E+08  3.495E+11  4.040E+07  2.240E+05  0.000E+00
   94.0  4.283E+11  2.550E+13  6.047E+12 1.537E-09  176.7  1027  2.226E+08  2.861E+11  3.515E+07  2.375E+05  0.000E+00
   95.0  4.498E+11  2.107E+13  4.939E+12 1.269E-09  177.7  1027  1.923E+08  2.337E+11  3.076E+07  2.518E+05  0.000E+00
   96.0  4.618E+11  1.740E+13  4.029E+12 1.048E-09  178.9  1027  1.670E+08  1.904E+11  2.708E+07  2.670E+05  0.000E+00
   97.0  4.647E+11  1.438E+13  3.283E+12 8.653E-10  180.5  1027  1.460E+08  1.549E+11  2.400E+07  2.835E+05  0.000E+00
   98.0  4.596E+11  1.188E+13  2.672E+12 7.148E-10  182.5  1027  1.285E+08  1.257E+11  2.140E+07  3.014E+05  0.000E+00
   99.0  4.478E+11  9.826E+12  2.174E+12 5.909E-10  184.7  1027  1.139E+08  1.019E+11  1.921E+07  3.209E+05  0.000E+00
  100.0  4.306E+11  8.134E+12  1.769E+12 4.889E-10  187.3  1027  1.018E+08  8.245E+10  1.733E+07  3.424E+05  0.000E+00
  101.0  4.097E+11  6.741E+12  1.438E+12 4.050E-10  190.2  1027  9.155E+07  6.661E+10  1.572E+07  3.660E+05  0.000E+00
  102.0  3.863E+11  5.595E+12  1.170E+12 3.360E-10  193.5  1027  8.296E+07  5.374E+10  1.432E+07  3.922E+05  0.000E+00
  103.0  3.614E+11  4.651E+12  9.518E+11 2.792E-10  197.2  1027  7.570E+07  4.331E+10  1.310E+07  4.212E+05  0.000E+00
  104.0  3.361E+11  3.873E+12  7.748E+11 2.324E-10  201.3  1027  6.952E+07  3.488E+10  1.202E+07  4.534E+05  0.000E+00
  105.0  3.109E+11  3.232E+12  6.312E+11 1.939E-10  205.8  1027  6.423E+07  2.807E+10  1.106E+07  4.892E+05  0.000E+00
  106.0  2.864E+11  2.703E+12  5.148E+11 1.621E-10  210.8  1027  5.967E+07  2.258E+10  1.020E+07  5.288E+05  0.000E+00
  107.0  2.629E+11  2.265E+12  4.203E+11 1.358E-10  216.4  1027  5.570E+07  1.817E+10  9.420E+06  5.726E+05  0.000E+00
  108.0  2.407E+11  1.903E+12  3.437E+11 1.141E-10  222.4  1027  5.222E+07  1.463E+10  8.708E+06  6.209E+05  0.000E+00
  109.0  2.198E+11  1.602E+12  2.815E+11 9.603E-11  229.1  1027  4.913E+07  1.178E+10  8.055E+06  6.741E+05  0.000E+00
  110.0  2.004E+11  1.352E+12  2.309E+11 8.107E-11  236.5  1027  4.637E+07  9.498E+09  7.454E+06  7.324E+05  0.000E+00
  111.0  1.825E+11  1.144E+12  1.898E+11 6.863E-11  244.6  1027  4.388E+07  7.669E+09  6.897E+06  7.961E+05  0.000E+00
  112.0  1.659E+11  9.710E+11  1.564E+11 5.826E-11  253.5  1027  4.161E+07  6.204E+09  6.380E+06  8.655E+05  0.000E+00
  113.0  1.508E+11  8.263E+11  1.292E+11 4.961E-11  263.1  1027  3.953E+07  5.031E+09  5.900E+06  9.411E+05  0.000E+00
  114.0  1.370E+11  7.054E+11  1.071E+11 4.239E-11  273.6  1027  3.762E+07  4.091E+09  5.454E+06  1.023E+06  0.000E+00
  115.0  1.245E+11  6.042E+11  8.900E+10 3.634E-11  284.9  1027  3.585E+07  3.338E+09  5.041E+06  1.113E+06  0.000E+00
  116.0  1.132E+11  5.194E+11  7.425E+10 3.128E-11  296.9  1027  3.420E+07  2.734E+09  4.657E+06  1.209E+06  0.000E+00
  117.0  1.030E+11  4.482E+11  6.218E+10 2.702E-11  309.8  1027  3.268E+07  2.249E+09  4.302E+06  1.315E+06  0.000E+00
  118.0  9.383E+10  3.883E+11  5.229E+10 2.344E-11  323.3  1027  3.125E+07  1.858E+09  3.974E+06  1.429E+06  0.000E+00
  119.0  8.562E+10  3.378E+11  4.418E+10 2.043E-11  337.4  1027  2.994E+07  1.544E+09  3.671E+06  1.553E+06  0.000E+00
  120.0  7.830E+10  2.953E+11  3.751E+10 1.788E-11  352.0  1027  2.871E+07  1.289E+09  3.394E+06  1.689E+06  1.881E-33
  121.0  7.179E+10  2.594E+11  3.201E+10 1.574E-11  366.8  1027  2.759E+07  1.083E+09  3.140E+06  1.838E+06  3.994E-33
  122.0  6.603E+10  2.291E+11  2.748E+10 1.392E-11  381.5  1027  2.656E+07  9.162E+08  2.909E+06  2.003E+06  8.307E-33
  123.0  6.098E+10  2.035E+11  2.374E+10 1.239E-11  395.7  1027  2.563E+07  7.805E+08  2.699E+06  2.185E+06  1.903E-32
  124.0  5.654E+10  1.818E+11  2.064E+10 1.109E-11  409.3  1065  2.479E+07  6.696E+08  2.510E+06  2.389E+06  5.452E-32
  125.0  5.258E+10  1.632E+11  1.803E+10 9.977E-12  422.5  1065  2.403E+07  5.778E+08  2.336E+06  2.612E+06  1.592E-31
  126.0  4.903E+10  1.470E+11  1.582E+10 9.010E-12  435.5  1065  2.331E+07  5.012E+08  2.178E+06  2.857E+06  4.583E-31
  127.0  4.582E+10  1.330E+11  1.395E+10 8.168E-12  448.1  1065  2.266E+07  4.367E+08  2.032E+06  3.123E+06  1.301E-30
  128.0  4.292E+10  1.207E+11  1.234E+10 7.430E-12  460.6  1065  2.204E+07  3.823E+08  1.898E+06  3.413E+06  3.645E-30
  129.0  4.029E+10  1.098E+11  1.096E+10 6.780E-12  472.7  1065  2.147E+07  3.360E+08  1.775E+06  3.726E+06  1.007E-29
  130.0  3.789E+10  1.003E+11  9.767E+09 6.206E-12  484.6  1065  2.093E+07  2.965E+08  1.661E+06  4.065E+06  2.746E-29
  131.0  3.569E+10  9.180E+10  8.735E+09 5.697E-12  496.3  1065  2.042E+07  2.626E+08  1.556E+06  4.429E+06  7.390E-29
  132.0  3.368E+10  8.425E+10  7.836E+09 5.243E-12  507.7  1065  1.994E+07  2.333E+08  1.459E+06  4.820E+06  1.963E-28
  133.0  3.184E+10  7.750E+10  7.052E+09 4.837E-12  518.9  1065  1.950E+07  2.080E+08  1.369E+06  5.239E+06  5.148E-28
  134.0  3.014E+10  7.146E+10  6.364E+09 4.472E-12  529.9  1065  1.907E+07  1.860E+08  1.287E+06  5.686E+06  1.333E-27
  135.0  2.858E+10  6.602E+10  5.759E+09 4.145E-12  540.7  1065  1.867E+07  1.668E+08  1.210E+06  6.162E+06  3.409E-27
  136.0  2.713E+10  6.111E+10  5.226E+09 3.849E-12  551.2  1065  1.829E+07  1.500E+08  1.139E+06  6.667E+06  8.609E-27
  137.0  2.579E+10  5.668E+10  4.754E+09 3.581E-12  561.5  1065  1.793E+07  1.353E+08  1.073E+06  7.201E+06  2.148E-26
  138.0  2.454E+10  5.266E+10  4.335E+09 3.338E-12  571.6  1065  1.758E+07  1.222E+08  1.012E+06  7.765E+06  5.297E-26
  139.0  2.338E+10  4.900E+10  3.962E+09 3.117E-12  581.5  1065  1.725E+07  1.107E+08  9.551E+05  8.358E+06  1.291E-25
  140.0  2.230E+10  4.567E+10  3.629E+09 2.915E-12  591.2  1065  1.694E+07  1.005E+08  9.025E+05  8.979E+06  3.108E-25
  141.0  2.130E+10  4.263E+10  3.331E+09 2.731E-12  600.7  1065  1.664E+07  9.144E+07  8.536E+05  9.630E+06  7.398E-25
  142.0  2.036E+10  3.985E+10  3.063E+09 2.562E-12  610.0  1065  1.636E+07  8.334E+07  8.082E+05  1.031E+07  1.741E-24
  143.0  1.948E+10  3.730E+10  2.823E+09 2.406E-12  619.1  1065  1.608E+07  7.609E+07  7.659E+05  1.101E+07  4.052E-24
  144.0  1.865E+10  3.496E+10  2.606E+09 2.264E-12  628.1  1065  1.582E+07  6.960E+07  7.267E+05  1.174E+07  9.325E-24
  145.0  1.788E+10  3.280E+10  2.410E+09 2.132E-12  636.8  1065  1.557E+07  6.377E+07  6.901E+05  1.250E+07  2.123E-23
  146.0  1.715E+10  3.081E+10  2.233E+09 2.011E-12  645.4  1065  1.533E+07  5.851E+07  6.561E+05  1.328E+07  4.781E-23
  147.0  1.647E+10  2.898E+10  2.072E+09 1.898E-12  653.8  1065  1.510E+07  5.377E+07  6.244E+05  1.408E+07  1.065E-22
  148.0  1.582E+10  2.728E+10  1.925E+09 1.794E-12  662.0  1065  1.488E+07  4.949E+07  5.948E+05  1.490E+07  2.348E-22
  149.0  1.521E+10  2.571E+10  1.792E+09 1.698E-12  670.1  1065  1.466E+07  4.561E+07  5.672E+05  1.574E+07  5.124E-22
  150.0  1.464E+10  2.425E+10  1.670E+09 1.608E-12  678.0  1065  1.445E+07  4.209E+07  5.415E+05  1.660E+07  1.107E-21
  151.0  1.409E+10  2.290E+10  1.558E+09 1.524E-12  685.7  1065  1.426E+07  3.888E+07  5.175E+05  1.747E+07  2.366E-21
  152.0  1.358E+10  2.164E+10  1.456E+09 1.446E-12  693.3  1065  1.406E+07  3.597E+07  4.951E+05  1.835E+07  5.008E-21
  153.0  1.309E+10  2.046E+10  1.362E+09 1.374E-12  700.7  1065  1.388E+07  3.331E+07  4.741E+05  1.924E+07  1.050E-20
  154.0  1.263E+10  1.937E+10  1.276E+09 1.306E-12  708.0  1065  1.370E+07  3.088E+07  4.545E+05  2.014E+07  2.178E-20
  155.0  1.219E+10  1.835E+10  1.196E+09 1.243E-12  715.1  1065  1.353E+07  2.865E+07  4.362E+05  2.104E+07  4.478E-20
  156.0  1.177E+10  1.739E+10  1.123E+09 1.183E-12  722.1  1065  1.336E+07  2.662E+07  4.191E+05  2.194E+07  9.120E-20
  157.0  1.137E+10  1.650E+10  1.055E+09 1.127E-12  728.9  1065  1.320E+07  2.475E+07  4.030E+05  2.285E+07  1.840E-19
  158.0  1.099E+10  1.566E+10  9.923E+08 1.075E-12  735.7  1065  1.304E+07  2.304E+07  3.879E+05  2.375E+07  3.678E-19
  159.0  1.063E+10  1.488E+10  9.341E+08 1.026E-12  742.2  1065  1.289E+07  2.146E+07  3.738E+05  2.464E+07  7.285E-19
  160.0  1.029E+10  1.415E+10  8.802E+08 9.795E-13  748.7  1065  1.274E+07  2.001E+07  3.606E+05  2.553E+07  1.430E-18
  161.0  9.963E+09  1.345E+10  8.300E+08 9.358E-13  755.0  1065  1.260E+07  1.867E+07  3.481E+05  2.640E+07  2.782E-18
  162.0  9.649E+09  1.280E+10  7.834E+08 8.948E-13  761.1  1065  1.246E+07  1.743E+07  3.365E+05  2.726E+07  5.366E-18
  163.0  9.350E+09  1.219E+10  7.400E+08 8.561E-13  767.2  1065  1.232E+07  1.629E+07  3.255E+05  2.811E+07  1.026E-17
  164.0  9.064E+09  1.161E+10  6.995E+08 8.195E-13  773.1  1065  1.219E+07  1.523E+07  3.152E+05  2.894E+07  1.945E-17
  165.0  8.790E+09  1.107E+10  6.617E+08 7.850E-13  778.9  1065  1.207E+07  1.426E+07  3.055E+05  2.975E+07  3.657E-17
  166.0  8.528E+09  1.056E+10  6.263E+08 7.523E-13  784.6  1065  1.194E+07  1.335E+07  2.963E+05  3.054E+07  6.819E-17
  167.0  8.276E+09  1.008E+10  5.933E+08 7.214E-13  790.2  1065  1.182E+07  1.251E+07  2.877E+05  3.130E+07  1.261E-16
  168.0  8.035E+09  9.621E+09  5.623E+08 6.921E-13  795.7  1065  1.170E+07  1.173E+07  2.796E+05  3.204E+07  2.313E-16
  169.0  7.803E+09  9.190E+09  5.333E+08 6.643E-13  801.0  1065  1.159E+07  1.101E+07  2.720E+05  3.275E+07  4.209E-16
  170.0  7.581E+09  8.782E+09  5.061E+08 6.380E-13  806.3  1065  1.148E+07  1.033E+07  2.647E+05  3.344E+07  7.598E-16
  171.0  7.368E+09  8.396E+09  4.805E+08 6.130E-13  811.4  1065  1.137E+07  9.708E+06  2.579E+05  3.409E+07  1.361E-15
  172.0  7.163E+09  8.030E+09  4.565E+08 5.892E-13  816.5  1065  1.126E+07  9.125E+06  2.515E+05  3.472E+07  2.420E-15
  173.0  6.965E+09  7.683E+09  4.339E+08 5.666E-13  821.4  1065  1.116E+07  8.581E+06  2.454E+05  3.531E+07  4.269E-15
  174.0  6.775E+09  7.354E+09  4.127E+08 5.451E-13  826.3  1065  1.106E+07  8.074E+06  2.397E+05  3.587E+07  7.476E-15
  175.0  6.593E+09  7.042E+09  3.926E+08 5.247E-13  831.0  1065  1.096E+07  7.600E+06  2.342E+05  3.640E+07  1.300E-14
  176.0  6.416E+09  6.746E+09  3.737E+08 5.052E-13  835.6  1065  1.086E+07  7.158E+06  2.291E+05  3.690E+07  2.243E-14
  177.0  6.247E+09  6.464E+09  3.559E+08 4.866E-13  840.2  1065  1.076E+07  6.745E+06  2.242E+05  3.736E+07  3.842E-14
  178.0  6.083E+09  6.196E+09  3.391E+08 4.689E-13  844.7  1065  1.067E+07  6.359E+06  2.196E+05  3.778E+07  6.537E-14
  179.0  5.925E+09  5.942E+09  3.232E+08 4.521E-13  849.0  1065  1.058E+07  5.997E+06  2.152E+05  3.818E+07  1.104E-13
  180.0  5.773E+09  5.699E+09  3.082E+08 4.359E-13  853.3  1065  1.049E+07  5.658E+06  2.111E+05  3.854E+07  1.853E-13
  181.0  5.626E+09  5.469E+09  2.940E+08 4.205E-13  857.5  1065  1.041E+07  5.341E+06  2.071E+05  3.886E+07  3.087E-13
  182.0  5.484E+09  5.249E+09  2.805E+08 4.058E-13  861.6  1065  1.032E+07  5.044E+06  2.034E+05  3.915E+07  5.109E-13
  183.0  5.346E+09  5.040E+09  2.678E+08 3.918E-13  865.7  1065  1.024E+07  4.765E+06  1.998E+05  3.941E+07  8.400E-13
  184.0  5.214E+09  4.840E+09  2.557E+08 3.783E-13  869.6  1065  1.016E+07  4.503E+06  1.965E+05  3.963E+07  1.372E-12
  185.0  5.085E+09  4.650E+09  2.443E+08 3.654E-13  873.5  1065  1.008E+07  4.257E+06  1.933E+05  3.983E+07  2.227E-12
  186.0  4.961E+09  4.468E+09  2.334E+08 3.531E-13  877.3  1065  9.998E+06  4.026E+06  1.902E+05  3.999E+07  3.591E-12
  187.0  4.841E+09  4.294E+09  2.231E+08 3.413E-13  881.0  1065  9.922E+06  3.809E+06  1.873E+05  4.012E+07  5.754E-12
  188.0  4.725E+09  4.129E+09  2.134E+08 3.300E-13  884.6  1065  9.846E+06  3.605E+06  1.845E+05  4.022E+07  9.163E-12
  189.0  4.612E+09  3.971E+09  2.041E+08 3.191E-13  888.2  1065  9.772E+06  3.413E+06  1.819E+05  4.029E+07  1.450E-11
  190.0  4.503E+09  3.819E+09  1.952E+08 3.087E-13  891.7  1065  9.700E+06  3.232E+06  1.794E+05  4.033E+07  2.281E-11
  191.0  4.397E+09  3.675E+09  1.868E+08 2.987E-13  895.1  1065  9.628E+06  3.062E+06  1.770E+05  4.034E+07  3.568E-11
  192.0  4.295E+09  3.537E+09  1.789E+08 2.891E-13  898.5  1065  9.558E+06  2.902E+06  1.747E+05  4.033E+07  5.546E-11
  193.0  4.195E+09  3.404E+09  1.713E+08 2.799E-13  901.8  1065  9.489E+06  2.751E+06  1.725E+05  4.029E+07  8.572E-11
  194.0  4.099E+09  3.278E+09  1.640E+08 2.711E-13  905.0  1065  9.422E+06  2.608E+06  1.704E+05  4.022E+07  1.317E-10
  195.0  4.005E+09  3.156E+09  1.572E+08 2.626E-13  908.2  1065  9.355E+06  2.474E+06  1.684E+05  4.014E+07  2.013E-10
  196.0  3.914E+09  3.040E+09  1.506E+08 2.544E-13  911.3  1065  9.290E+06  2.347E+06  1.665E+05  4.002E+07  3.058E-10
  197.0  3.826E+09  2.929E+09  1.443E+08 2.466E-13  914.3  1065  9.226E+06  2.227E+06  1.647E+05  3.989E+07  4.621E-10
  198.0  3.741E+09  2.822E+09  1.384E+08 2.390E-13  917.3  1065  9.162E+06  2.114E+06  1.630E+05  3.974E+07  6.945E-10
  199.0  3.657E+09  2.720E+09  1.327E+08 2.317E-13  920.2  1065  9.100E+06  2.007E+06  1.613E+05  3.956E+07  1.038E-09
  200.0  3.577E+09  2.622E+09  1.273E+08 2.247E-13  923.1  1065  9.039E+06  1.906E+06  1.597E+05  3.937E+07  1.544E-09
