
# Linear interpolation
IP LIN

# Bin centers x
XA -4.95 -4.85 -4.75 -4.65 -4.55 -4.45 -4.35 -4.25 -4.15 -4.05 -3.95 -3.85 -3.75 -3.65 -3.55 -3.45 -3.35 -3.25 -3.15 -3.05 -2.95 -2.85 -2.75 -2.65 -2.55 -2.45 -2.35 -2.25 -2.15 -2.05 -1.95 -1.85 -1.75 -1.65 -1.55 -1.45 -1.35 -1.25 -1.15 -1.05 -0.95 -0.85 -0.75 -0.65 -0.55 -0.45 -0.35 -0.25 -0.15 -0.05 0.05 0.15 0.25 0.35 0.45 0.55 0.65 0.75 0.85 0.95 1.05 1.15 1.25 1.35 1.45 1.55 1.65 1.75 1.85 1.95 2.05 2.15 2.25 2.35 2.45 2.55 2.65 2.75 2.85 2.95 3.05 3.15 3.25 3.35 3.45 3.55 3.65 3.75 3.85 3.95 4.05 4.15 4.25 4.35 4.45 4.55 4.65 4.75 4.85 4.95 

# Bin centers y
YA -4.95 -4.85 -4.75 -4.65 -4.55 -4.45 -4.35 -4.25 -4.15 -4.05 -3.95 -3.85 -3.75 -3.65 -3.55 -3.45 -3.35 -3.25 -3.15 -3.05 -2.95 -2.85 -2.75 -2.65 -2.55 -2.45 -2.35 -2.25 -2.15 -2.05 -1.95 -1.85 -1.75 -1.65 -1.55 -1.45 -1.35 -1.25 -1.15 -1.05 -0.95 -0.85 -0.75 -0.65 -0.55 -0.45 -0.35 -0.25 -0.15 -0.05 0.05 0.15 0.25 0.35 0.45 0.55 0.65 0.75 0.85 0.95 1.05 1.15 1.25 1.35 1.45 1.55 1.65 1.75 1.85 1.95 2.05 2.15 2.25 2.35 2.45 2.55 2.65 2.75 2.85 2.95 3.05 3.15 3.25 3.35 3.45 3.55 3.65 3.75 3.85 3.95 4.05 4.15 4.25 4.35 4.45 4.55 4.65 4.75 4.85 4.95 

# Data points: x-bin, y-bin, bin content
# Axes bins start at zero, they can be in random order 
AP 7 63 1
AP 8 77 1
AP 9 67 1
AP 10 33 1
AP 11 62 1
AP 11 63 1
AP 11 64 1
AP 12 48 1
AP 12 52 1
AP 12 56 1
AP 13 31 1
AP 13 40 2
AP 13 46 1
AP 13 48 1
AP 13 54 1
AP 14 31 1
AP 14 52 1
AP 14 55 1
AP 15 35 1
AP 15 41 1
AP 15 44 1
AP 15 46 1
AP 15 47 2
AP 15 48 1
AP 15 49 1
AP 15 50 1
AP 15 51 1
AP 15 52 1
AP 15 55 2
AP 15 56 1
AP 15 58 1
AP 15 59 1
AP 15 60 1
AP 15 61 1
AP 15 63 1
AP 15 69 1
AP 16 33 1
AP 16 34 1
AP 16 36 2
AP 16 45 1
AP 16 46 1
AP 16 49 1
AP 16 52 1
AP 16 54 1
AP 16 61 1
AP 16 62 1
AP 16 63 1
AP 16 66 1
AP 16 72 1
AP 17 30 1
AP 17 35 2
AP 17 39 2
AP 17 41 1
AP 17 42 1
AP 17 43 1
AP 17 49 1
AP 17 53 2
AP 17 54 1
AP 17 55 2
AP 17 60 1
AP 17 61 1
AP 18 28 1
AP 18 40 1
AP 18 41 1
AP 18 42 1
AP 18 43 1
AP 18 44 2
AP 18 45 3
AP 18 47 2
AP 18 49 1
AP 18 50 1
AP 18 52 1
AP 18 53 2
AP 18 54 2
AP 18 56 1
AP 18 57 1
AP 18 59 1
AP 18 60 3
AP 18 69 2
AP 19 23 1
AP 19 25 1
AP 19 32 1
AP 19 35 1
AP 19 37 2
AP 19 40 2
AP 19 41 3
AP 19 42 1
AP 19 43 2
AP 19 44 1
AP 19 45 2
AP 19 47 2
AP 19 50 2
AP 19 51 2
AP 19 52 1
AP 19 53 3
AP 19 54 3
AP 19 55 1
AP 19 56 1
AP 19 57 1
AP 19 60 2
AP 19 62 1
AP 19 64 1
AP 20 12 1
AP 20 15 1
AP 20 20 1
AP 20 33 1
AP 20 34 1
AP 20 35 1
AP 20 36 1
AP 20 39 3
AP 20 42 3
AP 20 44 1
AP 20 45 2
AP 20 46 2
AP 20 47 2
AP 20 48 1
AP 20 50 3
AP 20 51 2
AP 20 53 5
AP 20 54 3
AP 20 55 4
AP 20 56 3
AP 20 59 1
AP 20 62 1
AP 20 64 1
AP 20 65 1
AP 20 68 2
AP 20 78 1
AP 21 26 1
AP 21 31 1
AP 21 34 2
AP 21 35 1
AP 21 36 2
AP 21 38 1
AP 21 40 4
AP 21 41 2
AP 21 42 1
AP 21 43 4
AP 21 44 3
AP 21 45 2
AP 21 47 4
AP 21 48 3
AP 21 49 4
AP 21 50 2
AP 21 51 4
AP 21 52 3
AP 21 53 3
AP 21 54 2
AP 21 55 3
AP 21 56 1
AP 21 57 4
AP 21 59 3
AP 21 60 1
AP 21 61 1
AP 21 62 1
AP 21 63 1
AP 21 65 3
AP 21 66 1
AP 21 73 1
AP 21 78 2
AP 22 28 1
AP 22 29 1
AP 22 32 1
AP 22 33 1
AP 22 34 1
AP 22 35 3
AP 22 36 2
AP 22 38 2
AP 22 39 5
AP 22 40 2
AP 22 41 2
AP 22 42 3
AP 22 43 3
AP 22 44 5
AP 22 45 8
AP 22 46 6
AP 22 47 8
AP 22 48 1
AP 22 49 4
AP 22 50 6
AP 22 51 3
AP 22 52 3
AP 22 53 8
AP 22 54 3
AP 22 55 3
AP 22 56 2
AP 22 57 3
AP 22 58 1
AP 22 59 5
AP 22 60 1
AP 22 62 2
AP 22 63 1
AP 22 65 1
AP 22 66 1
AP 22 70 1
AP 22 71 1
AP 23 27 1
AP 23 29 1
AP 23 30 1
AP 23 31 1
AP 23 33 2
AP 23 35 2
AP 23 36 2
AP 23 37 2
AP 23 38 4
AP 23 39 1
AP 23 40 2
AP 23 41 4
AP 23 42 2
AP 23 43 3
AP 23 44 7
AP 23 45 2
AP 23 46 8
AP 23 47 4
AP 23 48 3
AP 23 49 1
AP 23 50 4
AP 23 51 3
AP 23 52 4
AP 23 53 2
AP 23 54 1
AP 23 56 3
AP 23 57 5
AP 23 58 3
AP 23 59 1
AP 23 60 4
AP 23 61 2
AP 23 62 3
AP 23 63 4
AP 23 64 6
AP 23 65 2
AP 23 66 4
AP 23 67 1
AP 23 68 1
AP 23 72 2
AP 24 23 1
AP 24 29 1
AP 24 30 2
AP 24 34 4
AP 24 35 1
AP 24 36 1
AP 24 37 1
AP 24 38 6
AP 24 39 5
AP 24 40 5
AP 24 41 4
AP 24 42 6
AP 24 43 1
AP 24 44 10
AP 24 45 7
AP 24 46 5
AP 24 47 3
AP 24 48 5
AP 24 49 7
AP 24 50 6
AP 24 51 5
AP 24 52 6
AP 24 53 6
AP 24 54 5
AP 24 55 3
AP 24 56 3
AP 24 57 3
AP 24 58 4
AP 24 59 2
AP 24 60 1
AP 24 61 3
AP 24 62 4
AP 24 64 3
AP 24 65 1
AP 24 67 4
AP 24 68 2
AP 24 70 1
AP 24 71 1
AP 24 72 1
AP 24 73 1
AP 25 22 1
AP 25 24 1
AP 25 25 1
AP 25 26 3
AP 25 28 2
AP 25 30 1
AP 25 31 3
AP 25 32 2
AP 25 33 1
AP 25 34 1
AP 25 35 2
AP 25 36 4
AP 25 37 3
AP 25 38 7
AP 25 39 4
AP 25 40 4
AP 25 41 5
AP 25 42 5
AP 25 43 7
AP 25 44 7
AP 25 45 4
AP 25 46 7
AP 25 47 9
AP 25 48 7
AP 25 49 6
AP 25 50 8
AP 25 51 6
AP 25 52 10
AP 25 53 10
AP 25 54 6
AP 25 55 3
AP 25 56 6
AP 25 57 7
AP 25 58 3
AP 25 59 2
AP 25 60 6
AP 25 61 3
AP 25 62 3
AP 25 63 6
AP 25 64 1
AP 25 65 5
AP 25 66 3
AP 25 67 2
AP 25 68 2
AP 25 69 1
AP 25 70 1
AP 25 72 1
AP 25 75 1
AP 25 76 2
AP 26 22 1
AP 26 24 1
AP 26 26 1
AP 26 28 1
AP 26 29 3
AP 26 30 5
AP 26 31 2
AP 26 32 3
AP 26 33 4
AP 26 35 3
AP 26 36 3
AP 26 37 4
AP 26 38 7
AP 26 39 6
AP 26 40 8
AP 26 41 3
AP 26 42 9
AP 26 43 5
AP 26 44 10
AP 26 45 10
AP 26 46 8
AP 26 47 8
AP 26 48 9
AP 26 49 9
AP 26 50 8
AP 26 51 8
AP 26 52 19
AP 26 53 16
AP 26 54 7
AP 26 55 11
AP 26 56 11
AP 26 57 4
AP 26 58 9
AP 26 59 8
AP 26 60 10
AP 26 61 4
AP 26 62 4
AP 26 63 4
AP 26 64 7
AP 26 65 5
AP 26 66 2
AP 26 67 4
AP 26 68 1
AP 26 70 1
AP 26 74 1
AP 26 76 1
AP 27 20 1
AP 27 29 1
AP 27 30 4
AP 27 31 2
AP 27 32 2
AP 27 33 4
AP 27 34 1
AP 27 35 1
AP 27 36 5
AP 27 37 5
AP 27 38 13
AP 27 39 12
AP 27 40 11
AP 27 41 17
AP 27 42 7
AP 27 43 11
AP 27 44 13
AP 27 45 15
AP 27 46 16
AP 27 47 16
AP 27 48 12
AP 27 49 13
AP 27 50 17
AP 27 51 10
AP 27 52 13
AP 27 53 7
AP 27 54 13
AP 27 55 14
AP 27 56 9
AP 27 57 15
AP 27 58 4
AP 27 59 8
AP 27 60 6
AP 27 61 7
AP 27 62 7
AP 27 63 5
AP 27 64 3
AP 27 65 4
AP 27 66 5
AP 27 67 4
AP 27 68 1
AP 27 69 1
AP 27 70 1
AP 27 71 1
AP 27 72 4
AP 27 73 2
AP 27 78 1
AP 28 22 1
AP 28 25 1
AP 28 26 2
AP 28 27 1
AP 28 28 2
AP 28 29 4
AP 28 30 2
AP 28 31 4
AP 28 32 3
AP 28 33 3
AP 28 34 3
AP 28 35 5
AP 28 36 1
AP 28 37 11
AP 28 38 12
AP 28 39 10
AP 28 40 10
AP 28 41 15
AP 28 42 11
AP 28 43 6
AP 28 44 14
AP 28 45 13
AP 28 46 12
AP 28 47 19
AP 28 48 18
AP 28 49 12
AP 28 50 9
AP 28 51 18
AP 28 52 20
AP 28 53 12
AP 28 54 17
AP 28 55 16
AP 28 56 12
AP 28 57 9
AP 28 58 7
AP 28 59 18
AP 28 60 9
AP 28 61 13
AP 28 62 9
AP 28 63 3
AP 28 64 4
AP 28 65 7
AP 28 66 4
AP 28 67 5
AP 28 69 3
AP 28 70 4
AP 28 71 1
AP 28 72 1
AP 28 76 2
AP 28 78 1
AP 29 25 1
AP 29 27 1
AP 29 28 4
AP 29 29 4
AP 29 30 5
AP 29 31 4
AP 29 32 7
AP 29 33 7
AP 29 34 6
AP 29 35 7
AP 29 36 3
AP 29 37 7
AP 29 38 14
AP 29 39 11
AP 29 40 10
AP 29 41 18
AP 29 42 17
AP 29 43 16
AP 29 44 16
AP 29 45 27
AP 29 46 19
AP 29 47 19
AP 29 48 24
AP 29 49 24
AP 29 50 23
AP 29 51 18
AP 29 52 19
AP 29 53 17
AP 29 54 16
AP 29 55 17
AP 29 56 16
AP 29 57 14
AP 29 58 13
AP 29 59 16
AP 29 60 19
AP 29 61 10
AP 29 62 10
AP 29 63 6
AP 29 64 4
AP 29 65 9
AP 29 66 5
AP 29 67 4
AP 29 68 3
AP 29 69 1
AP 29 70 2
AP 29 71 1
AP 29 72 1
AP 29 74 2
AP 30 18 1
AP 30 19 1
AP 30 20 1
AP 30 21 1
AP 30 22 1
AP 30 23 2
AP 30 24 1
AP 30 25 4
AP 30 26 2
AP 30 27 2
AP 30 28 1
AP 30 29 7
AP 30 30 3
AP 30 31 3
AP 30 32 7
AP 30 33 7
AP 30 34 4
AP 30 35 5
AP 30 36 9
AP 30 37 15
AP 30 38 9
AP 30 39 20
AP 30 40 13
AP 30 41 17
AP 30 42 18
AP 30 43 27
AP 30 44 25
AP 30 45 19
AP 30 46 17
AP 30 47 21
AP 30 48 21
AP 30 49 26
AP 30 50 26
AP 30 51 28
AP 30 52 20
AP 30 53 23
AP 30 54 15
AP 30 55 22
AP 30 56 23
AP 30 57 18
AP 30 58 18
AP 30 59 21
AP 30 60 21
AP 30 61 12
AP 30 62 11
AP 30 63 9
AP 30 64 10
AP 30 65 12
AP 30 66 9
AP 30 67 4
AP 30 68 4
AP 30 69 3
AP 30 70 5
AP 30 71 3
AP 30 72 3
AP 30 73 3
AP 30 74 1
AP 30 75 1
AP 30 76 1
AP 30 79 1
AP 30 80 1
AP 31 17 1
AP 31 22 2
AP 31 23 1
AP 31 25 2
AP 31 26 3
AP 31 27 2
AP 31 28 3
AP 31 29 6
AP 31 30 7
AP 31 31 3
AP 31 32 6
AP 31 33 10
AP 31 34 13
AP 31 35 11
AP 31 36 12
AP 31 37 19
AP 31 38 21
AP 31 39 22
AP 31 40 23
AP 31 41 20
AP 31 42 16
AP 31 43 25
AP 31 44 20
AP 31 45 27
AP 31 46 14
AP 31 47 38
AP 31 48 31
AP 31 49 20
AP 31 50 34
AP 31 51 23
AP 31 52 25
AP 31 53 20
AP 31 54 25
AP 31 55 28
AP 31 56 20
AP 31 57 23
AP 31 58 21
AP 31 59 17
AP 31 60 14
AP 31 61 11
AP 31 62 14
AP 31 63 13
AP 31 64 9
AP 31 65 3
AP 31 66 3
AP 31 67 6
AP 31 68 6
AP 31 69 6
AP 31 70 2
AP 31 71 4
AP 31 72 1
AP 31 73 3
AP 31 75 1
AP 31 77 2
AP 32 11 1
AP 32 23 2
AP 32 24 2
AP 32 25 2
AP 32 26 2
AP 32 27 3
AP 32 28 1
AP 32 29 1
AP 32 30 8
AP 32 31 7
AP 32 32 4
AP 32 33 13
AP 32 34 6
AP 32 35 17
AP 32 36 9
AP 32 37 15
AP 32 38 11
AP 32 39 22
AP 32 40 19
AP 32 41 25
AP 32 42 22
AP 32 43 32
AP 32 44 20
AP 32 45 27
AP 32 46 27
AP 32 47 35
AP 32 48 28
AP 32 49 37
AP 32 50 37
AP 32 51 35
AP 32 52 36
AP 32 53 27
AP 32 54 26
AP 32 55 34
AP 32 56 27
AP 32 57 18
AP 32 58 25
AP 32 59 18
AP 32 60 23
AP 32 61 17
AP 32 62 13
AP 32 63 12
AP 32 64 10
AP 32 65 14
AP 32 66 8
AP 32 67 7
AP 32 68 8
AP 32 69 7
AP 32 70 4
AP 32 71 1
AP 32 72 4
AP 32 73 5
AP 32 74 2
AP 32 75 1
AP 32 76 3
AP 32 78 1
AP 33 16 1
AP 33 22 2
AP 33 25 3
AP 33 26 4
AP 33 27 3
AP 33 28 5
AP 33 29 1
AP 33 30 4
AP 33 31 12
AP 33 32 14
AP 33 33 15
AP 33 34 17
AP 33 35 24
AP 33 36 14
AP 33 37 18
AP 33 38 21
AP 33 39 22
AP 33 40 31
AP 33 41 26
AP 33 42 38
AP 33 43 37
AP 33 44 30
AP 33 45 22
AP 33 46 37
AP 33 47 46
AP 33 48 41
AP 33 49 40
AP 33 50 41
AP 33 51 34
AP 33 52 48
AP 33 53 35
AP 33 54 39
AP 33 55 26
AP 33 56 40
AP 33 57 32
AP 33 58 28
AP 33 59 18
AP 33 60 27
AP 33 61 17
AP 33 62 17
AP 33 63 15
AP 33 64 10
AP 33 65 10
AP 33 66 9
AP 33 67 15
AP 33 68 4
AP 33 69 10
AP 33 70 3
AP 33 71 2
AP 33 72 2
AP 33 73 2
AP 33 74 1
AP 33 75 1
AP 33 77 1
AP 33 84 1
AP 34 19 1
AP 34 21 3
AP 34 22 1
AP 34 23 1
AP 34 24 4
AP 34 25 3
AP 34 26 2
AP 34 27 2
AP 34 28 5
AP 34 29 12
AP 34 30 7
AP 34 31 11
AP 34 32 5
AP 34 33 15
AP 34 34 15
AP 34 35 20
AP 34 36 21
AP 34 37 21
AP 34 38 21
AP 34 39 33
AP 34 40 24
AP 34 41 35
AP 34 42 37
AP 34 43 45
AP 34 44 30
AP 34 45 44
AP 34 46 37
AP 34 47 48
AP 34 48 41
AP 34 49 52
AP 34 50 67
AP 34 51 50
AP 34 52 54
AP 34 53 44
AP 34 54 43
AP 34 55 32
AP 34 56 31
AP 34 57 33
AP 34 58 25
AP 34 59 33
AP 34 60 24
AP 34 61 27
AP 34 62 20
AP 34 63 19
AP 34 64 15
AP 34 65 12
AP 34 66 19
AP 34 67 8
AP 34 68 10
AP 34 69 12
AP 34 70 6
AP 34 71 6
AP 34 72 4
AP 34 73 4
AP 34 74 1
AP 34 75 2
AP 34 79 1
AP 35 20 2
AP 35 21 3
AP 35 22 1
AP 35 23 1
AP 35 24 2
AP 35 25 5
AP 35 26 3
AP 35 27 7
AP 35 28 8
AP 35 29 12
AP 35 30 8
AP 35 31 8
AP 35 32 16
AP 35 33 10
AP 35 34 15
AP 35 35 21
AP 35 36 28
AP 35 37 30
AP 35 38 22
AP 35 39 37
AP 35 40 41
AP 35 41 42
AP 35 42 44
AP 35 43 34
AP 35 44 43
AP 35 45 57
AP 35 46 48
AP 35 47 52
AP 35 48 54
AP 35 49 49
AP 35 50 46
AP 35 51 59
AP 35 52 45
AP 35 53 54
AP 35 54 54
AP 35 55 51
AP 35 56 51
AP 35 57 42
AP 35 58 39
AP 35 59 29
AP 35 60 27
AP 35 61 35
AP 35 62 31
AP 35 63 21
AP 35 64 15
AP 35 65 24
AP 35 66 12
AP 35 67 11
AP 35 68 8
AP 35 69 12
AP 35 70 6
AP 35 71 3
AP 35 72 4
AP 35 73 3
AP 35 75 4
AP 35 76 2
AP 35 77 4
AP 35 79 1
AP 35 80 2
AP 35 81 2
AP 35 82 1
AP 36 13 1
AP 36 20 2
AP 36 22 2
AP 36 25 5
AP 36 26 2
AP 36 27 7
AP 36 28 4
AP 36 29 6
AP 36 30 14
AP 36 31 10
AP 36 32 19
AP 36 33 18
AP 36 34 15
AP 36 35 25
AP 36 36 34
AP 36 37 26
AP 36 38 40
AP 36 39 38
AP 36 40 34
AP 36 41 45
AP 36 42 46
AP 36 43 61
AP 36 44 51
AP 36 45 85
AP 36 46 50
AP 36 47 57
AP 36 48 50
AP 36 49 64
AP 36 50 56
AP 36 51 47
AP 36 52 57
AP 36 53 56
AP 36 54 69
AP 36 55 50
AP 36 56 42
AP 36 57 55
AP 36 58 41
AP 36 59 44
AP 36 60 37
AP 36 61 31
AP 36 62 29
AP 36 63 25
AP 36 64 28
AP 36 65 29
AP 36 66 16
AP 36 67 7
AP 36 68 8
AP 36 69 9
AP 36 70 8
AP 36 71 3
AP 36 72 4
AP 36 74 3
AP 36 75 2
AP 36 77 1
AP 36 78 1
AP 36 83 1
AP 37 17 1
AP 37 18 1
AP 37 19 1
AP 37 20 1
AP 37 21 3
AP 37 23 4
AP 37 25 4
AP 37 26 1
AP 37 27 8
AP 37 28 7
AP 37 29 7
AP 37 30 9
AP 37 31 21
AP 37 32 16
AP 37 33 16
AP 37 34 24
AP 37 35 21
AP 37 36 41
AP 37 37 23
AP 37 38 28
AP 37 39 47
AP 37 40 40
AP 37 41 48
AP 37 42 49
AP 37 43 43
AP 37 44 73
AP 37 45 81
AP 37 46 67
AP 37 47 63
AP 37 48 82
AP 37 49 74
AP 37 50 78
AP 37 51 66
AP 37 52 89
AP 37 53 77
AP 37 54 59
AP 37 55 73
AP 37 56 69
AP 37 57 44
AP 37 58 52
AP 37 59 50
AP 37 60 40
AP 37 61 26
AP 37 62 34
AP 37 63 29
AP 37 64 26
AP 37 65 16
AP 37 66 18
AP 37 67 17
AP 37 68 12
AP 37 69 11
AP 37 70 9
AP 37 71 6
AP 37 72 4
AP 37 73 7
AP 37 74 3
AP 37 75 4
AP 37 77 1
AP 37 78 2
AP 37 81 1
AP 37 83 1
AP 37 89 1
AP 37 92 1
AP 38 14 1
AP 38 17 1
AP 38 20 2
AP 38 21 1
AP 38 23 2
AP 38 24 3
AP 38 25 7
AP 38 26 7
AP 38 27 4
AP 38 28 9
AP 38 29 11
AP 38 30 16
AP 38 31 11
AP 38 32 17
AP 38 33 21
AP 38 34 25
AP 38 35 27
AP 38 36 32
AP 38 37 30
AP 38 38 49
AP 38 39 55
AP 38 40 49
AP 38 41 46
AP 38 42 60
AP 38 43 58
AP 38 44 62
AP 38 45 66
AP 38 46 71
AP 38 47 89
AP 38 48 84
AP 38 49 79
AP 38 50 71
AP 38 51 79
AP 38 52 72
AP 38 53 79
AP 38 54 67
AP 38 55 78
AP 38 56 59
AP 38 57 61
AP 38 58 51
AP 38 59 44
AP 38 60 41
AP 38 61 45
AP 38 62 37
AP 38 63 35
AP 38 64 31
AP 38 65 28
AP 38 66 26
AP 38 67 19
AP 38 68 14
AP 38 69 12
AP 38 70 10
AP 38 71 10
AP 38 72 10
AP 38 73 9
AP 38 74 6
AP 38 75 4
AP 38 76 3
AP 38 77 2
AP 38 78 3
AP 38 79 2
AP 39 20 2
AP 39 21 3
AP 39 23 3
AP 39 24 1
AP 39 25 6
AP 39 26 4
AP 39 27 5
AP 39 28 15
AP 39 29 13
AP 39 30 14
AP 39 31 17
AP 39 32 28
AP 39 33 28
AP 39 34 26
AP 39 35 26
AP 39 36 46
AP 39 37 48
AP 39 38 51
AP 39 39 52
AP 39 40 57
AP 39 41 69
AP 39 42 60
AP 39 43 63
AP 39 44 81
AP 39 45 85
AP 39 46 94
AP 39 47 83
AP 39 48 82
AP 39 49 79
AP 39 50 80
AP 39 51 87
AP 39 52 76
AP 39 53 90
AP 39 54 99
AP 39 55 90
AP 39 56 66
AP 39 57 73
AP 39 58 64
AP 39 59 67
AP 39 60 61
AP 39 61 51
AP 39 62 46
AP 39 63 37
AP 39 64 41
AP 39 65 20
AP 39 66 20
AP 39 67 25
AP 39 68 21
AP 39 69 15
AP 39 70 11
AP 39 71 6
AP 39 72 10
AP 39 73 5
AP 39 74 5
AP 39 75 2
AP 39 76 2
AP 39 77 5
AP 39 78 1
AP 39 79 1
AP 39 80 1
AP 39 84 1
AP 39 86 1
AP 40 11 1
AP 40 18 1
AP 40 20 1
AP 40 21 1
AP 40 22 3
AP 40 23 2
AP 40 24 5
AP 40 25 7
AP 40 26 7
AP 40 27 8
AP 40 28 10
AP 40 29 16
AP 40 30 18
AP 40 31 18
AP 40 32 18
AP 40 33 21
AP 40 34 27
AP 40 35 30
AP 40 36 36
AP 40 37 53
AP 40 38 61
AP 40 39 51
AP 40 40 66
AP 40 41 67
AP 40 42 71
AP 40 43 92
AP 40 44 86
AP 40 45 97
AP 40 46 83
AP 40 47 95
AP 40 48 92
AP 40 49 117
AP 40 50 91
AP 40 51 120
AP 40 52 97
AP 40 53 97
AP 40 54 85
AP 40 55 73
AP 40 56 80
AP 40 57 73
AP 40 58 61
AP 40 59 63
AP 40 60 68
AP 40 61 58
AP 40 62 58
AP 40 63 37
AP 40 64 29
AP 40 65 27
AP 40 66 28
AP 40 67 21
AP 40 68 15
AP 40 69 16
AP 40 70 3
AP 40 71 10
AP 40 72 2
AP 40 73 5
AP 40 74 5
AP 40 75 3
AP 40 76 3
AP 40 78 2
AP 40 79 1
AP 40 80 2
AP 40 82 1
AP 40 84 1
AP 40 85 1
AP 41 13 1
AP 41 14 1
AP 41 16 1
AP 41 18 3
AP 41 19 1
AP 41 20 2
AP 41 21 5
AP 41 22 1
AP 41 23 1
AP 41 24 2
AP 41 25 4
AP 41 26 12
AP 41 27 8
AP 41 28 9
AP 41 29 15
AP 41 30 16
AP 41 31 18
AP 41 32 24
AP 41 33 33
AP 41 34 29
AP 41 35 50
AP 41 36 44
AP 41 37 49
AP 41 38 55
AP 41 39 53
AP 41 40 75
AP 41 41 79
AP 41 42 82
AP 41 43 93
AP 41 44 100
AP 41 45 93
AP 41 46 105
AP 41 47 130
AP 41 48 129
AP 41 49 110
AP 41 50 120
AP 41 51 126
AP 41 52 108
AP 41 53 107
AP 41 54 99
AP 41 55 91
AP 41 56 99
AP 41 57 77
AP 41 58 83
AP 41 59 73
AP 41 60 67
AP 41 61 51
AP 41 62 48
AP 41 63 48
AP 41 64 36
AP 41 65 38
AP 41 66 26
AP 41 67 25
AP 41 68 23
AP 41 69 12
AP 41 70 12
AP 41 71 14
AP 41 72 11
AP 41 73 7
AP 41 74 2
AP 41 75 5
AP 41 76 2
AP 41 77 2
AP 41 78 1
AP 41 79 1
AP 41 81 1
AP 41 82 1
AP 42 17 1
AP 42 18 1
AP 42 20 1
AP 42 21 1
AP 42 22 5
AP 42 23 5
AP 42 24 3
AP 42 25 3
AP 42 26 12
AP 42 27 7
AP 42 28 10
AP 42 29 14
AP 42 30 18
AP 42 31 32
AP 42 32 30
AP 42 33 34
AP 42 34 28
AP 42 35 53
AP 42 36 44
AP 42 37 62
AP 42 38 67
AP 42 39 75
AP 42 40 68
AP 42 41 90
AP 42 42 68
AP 42 43 97
AP 42 44 107
AP 42 45 117
AP 42 46 123
AP 42 47 117
AP 42 48 109
AP 42 49 116
AP 42 50 123
AP 42 51 110
AP 42 52 116
AP 42 53 107
AP 42 54 117
AP 42 55 107
AP 42 56 108
AP 42 57 105
AP 42 58 89
AP 42 59 71
AP 42 60 59
AP 42 61 62
AP 42 62 60
AP 42 63 62
AP 42 64 43
AP 42 65 33
AP 42 66 23
AP 42 67 28
AP 42 68 19
AP 42 69 19
AP 42 70 13
AP 42 71 15
AP 42 72 12
AP 42 73 5
AP 42 74 7
AP 42 75 8
AP 42 76 5
AP 42 77 3
AP 42 79 2
AP 42 80 2
AP 42 81 1
AP 42 82 2
AP 42 89 1
AP 43 15 1
AP 43 17 1
AP 43 20 2
AP 43 21 2
AP 43 23 6
AP 43 24 4
AP 43 25 8
AP 43 26 9
AP 43 27 10
AP 43 28 10
AP 43 29 12
AP 43 30 21
AP 43 31 26
AP 43 32 22
AP 43 33 39
AP 43 34 33
AP 43 35 39
AP 43 36 62
AP 43 37 53
AP 43 38 62
AP 43 39 76
AP 43 40 94
AP 43 41 73
AP 43 42 89
AP 43 43 94
AP 43 44 92
AP 43 45 107
AP 43 46 113
AP 43 47 107
AP 43 48 141
AP 43 49 134
AP 43 50 146
AP 43 51 124
AP 43 52 149
AP 43 53 124
AP 43 54 125
AP 43 55 123
AP 43 56 96
AP 43 57 106
AP 43 58 84
AP 43 59 66
AP 43 60 69
AP 43 61 81
AP 43 62 58
AP 43 63 58
AP 43 64 41
AP 43 65 41
AP 43 66 27
AP 43 67 26
AP 43 68 23
AP 43 69 14
AP 43 70 18
AP 43 71 14
AP 43 72 11
AP 43 73 9
AP 43 74 2
AP 43 75 7
AP 43 76 2
AP 43 77 1
AP 43 78 3
AP 43 80 2
AP 43 81 2
AP 43 82 1
AP 43 87 1
AP 44 11 1
AP 44 19 1
AP 44 20 2
AP 44 21 2
AP 44 22 2
AP 44 23 1
AP 44 24 7
AP 44 25 7
AP 44 26 9
AP 44 27 20
AP 44 28 19
AP 44 29 15
AP 44 30 20
AP 44 31 28
AP 44 32 28
AP 44 33 43
AP 44 34 33
AP 44 35 54
AP 44 36 64
AP 44 37 48
AP 44 38 71
AP 44 39 91
AP 44 40 100
AP 44 41 101
AP 44 42 97
AP 44 43 132
AP 44 44 110
AP 44 45 119
AP 44 46 135
AP 44 47 142
AP 44 48 128
AP 44 49 139
AP 44 50 137
AP 44 51 130
AP 44 52 143
AP 44 53 131
AP 44 54 125
AP 44 55 107
AP 44 56 114
AP 44 57 90
AP 44 58 101
AP 44 59 79
AP 44 60 84
AP 44 61 72
AP 44 62 56
AP 44 63 58
AP 44 64 55
AP 44 65 40
AP 44 66 36
AP 44 67 16
AP 44 68 24
AP 44 69 18
AP 44 70 9
AP 44 71 16
AP 44 72 8
AP 44 73 12
AP 44 74 9
AP 44 75 3
AP 44 76 6
AP 44 77 2
AP 44 78 3
AP 44 79 1
AP 44 80 1
AP 44 83 1
AP 44 86 1
AP 45 15 2
AP 45 16 1
AP 45 17 1
AP 45 19 1
AP 45 20 3
AP 45 21 3
AP 45 22 1
AP 45 23 4
AP 45 24 4
AP 45 25 4
AP 45 26 4
AP 45 27 18
AP 45 28 9
AP 45 29 14
AP 45 30 32
AP 45 31 33
AP 45 32 28
AP 45 33 42
AP 45 34 55
AP 45 35 42
AP 45 36 56
AP 45 37 68
AP 45 38 59
AP 45 39 70
AP 45 40 112
AP 45 41 100
AP 45 42 129
AP 45 43 111
AP 45 44 119
AP 45 45 132
AP 45 46 135
AP 45 47 135
AP 45 48 145
AP 45 49 146
AP 45 50 148
AP 45 51 172
AP 45 52 139
AP 45 53 135
AP 45 54 127
AP 45 55 110
AP 45 56 124
AP 45 57 95
AP 45 58 118
AP 45 59 91
AP 45 60 73
AP 45 61 73
AP 45 62 53
AP 45 63 52
AP 45 64 56
AP 45 65 42
AP 45 66 38
AP 45 67 33
AP 45 68 20
AP 45 69 19
AP 45 70 20
AP 45 71 14
AP 45 72 12
AP 45 73 6
AP 45 74 5
AP 45 75 3
AP 45 76 2
AP 45 77 3
AP 45 78 3
AP 45 79 4
AP 45 82 1
AP 45 83 2
AP 45 86 1
AP 46 14 2
AP 46 18 1
AP 46 19 1
AP 46 21 3
AP 46 22 3
AP 46 23 2
AP 46 24 2
AP 46 25 16
AP 46 26 7
AP 46 27 18
AP 46 28 15
AP 46 29 17
AP 46 30 20
AP 46 31 29
AP 46 32 27
AP 46 33 46
AP 46 34 52
AP 46 35 49
AP 46 36 59
AP 46 37 78
AP 46 38 85
AP 46 39 82
AP 46 40 104
AP 46 41 116
AP 46 42 105
AP 46 43 126
AP 46 44 109
AP 46 45 148
AP 46 46 141
AP 46 47 161
AP 46 48 143
AP 46 49 172
AP 46 50 132
AP 46 51 137
AP 46 52 127
AP 46 53 121
AP 46 54 138
AP 46 55 121
AP 46 56 113
AP 46 57 107
AP 46 58 106
AP 46 59 108
AP 46 60 79
AP 46 61 71
AP 46 62 59
AP 46 63 50
AP 46 64 53
AP 46 65 56
AP 46 66 44
AP 46 67 32
AP 46 68 20
AP 46 69 17
AP 46 70 14
AP 46 71 14
AP 46 72 11
AP 46 73 5
AP 46 74 8
AP 46 75 6
AP 46 76 5
AP 46 77 4
AP 46 79 1
AP 46 80 1
AP 46 83 1
AP 46 84 1
AP 46 85 1
AP 47 12 2
AP 47 14 1
AP 47 20 4
AP 47 21 2
AP 47 22 1
AP 47 23 3
AP 47 24 1
AP 47 25 11
AP 47 26 12
AP 47 27 13
AP 47 28 22
AP 47 29 10
AP 47 30 28
AP 47 31 25
AP 47 32 34
AP 47 33 44
AP 47 34 33
AP 47 35 48
AP 47 36 69
AP 47 37 72
AP 47 38 94
AP 47 39 83
AP 47 40 105
AP 47 41 96
AP 47 42 110
AP 47 43 91
AP 47 44 134
AP 47 45 127
AP 47 46 156
AP 47 47 162
AP 47 48 139
AP 47 49 154
AP 47 50 171
AP 47 51 145
AP 47 52 136
AP 47 53 146
AP 47 54 138
AP 47 55 132
AP 47 56 108
AP 47 57 116
AP 47 58 94
AP 47 59 115
AP 47 60 97
AP 47 61 74
AP 47 62 81
AP 47 63 57
AP 47 64 56
AP 47 65 40
AP 47 66 44
AP 47 67 37
AP 47 68 31
AP 47 69 19
AP 47 70 19
AP 47 71 12
AP 47 72 14
AP 47 73 8
AP 47 74 9
AP 47 75 8
AP 47 76 3
AP 47 77 4
AP 47 78 1
AP 47 79 2
AP 47 80 3
AP 47 81 1
AP 47 85 1
AP 48 16 1
AP 48 18 1
AP 48 19 3
AP 48 20 2
AP 48 22 5
AP 48 23 5
AP 48 24 9
AP 48 25 6
AP 48 26 6
AP 48 27 10
AP 48 28 25
AP 48 29 22
AP 48 30 28
AP 48 31 31
AP 48 32 32
AP 48 33 39
AP 48 34 41
AP 48 35 57
AP 48 36 79
AP 48 37 76
AP 48 38 77
AP 48 39 110
AP 48 40 95
AP 48 41 109
AP 48 42 102
AP 48 43 144
AP 48 44 146
AP 48 45 141
AP 48 46 154
AP 48 47 161
AP 48 48 154
AP 48 49 166
AP 48 50 161
AP 48 51 158
AP 48 52 150
AP 48 53 146
AP 48 54 130
AP 48 55 132
AP 48 56 128
AP 48 57 107
AP 48 58 107
AP 48 59 76
AP 48 60 85
AP 48 61 78
AP 48 62 69
AP 48 63 72
AP 48 64 56
AP 48 65 46
AP 48 66 32
AP 48 67 37
AP 48 68 26
AP 48 69 12
AP 48 70 10
AP 48 71 12
AP 48 72 12
AP 48 73 5
AP 48 74 11
AP 48 75 5
AP 48 76 7
AP 48 77 4
AP 48 78 5
AP 48 81 4
AP 48 82 1
AP 48 84 1
AP 48 85 1
AP 49 14 1
AP 49 18 2
AP 49 19 3
AP 49 20 3
AP 49 21 2
AP 49 22 1
AP 49 23 2
AP 49 24 3
AP 49 25 4
AP 49 26 12
AP 49 27 16
AP 49 28 14
AP 49 29 29
AP 49 30 12
AP 49 31 32
AP 49 32 21
AP 49 33 35
AP 49 34 40
AP 49 35 59
AP 49 36 56
AP 49 37 67
AP 49 38 102
AP 49 39 99
AP 49 40 94
AP 49 41 106
AP 49 42 125
AP 49 43 137
AP 49 44 125
AP 49 45 143
AP 49 46 144
AP 49 47 161
AP 49 48 142
AP 49 49 174
AP 49 50 140
AP 49 51 164
AP 49 52 157
AP 49 53 151
AP 49 54 147
AP 49 55 146
AP 49 56 126
AP 49 57 118
AP 49 58 110
AP 49 59 111
AP 49 60 79
AP 49 61 80
AP 49 62 78
AP 49 63 66
AP 49 64 50
AP 49 65 39
AP 49 66 61
AP 49 67 31
AP 49 68 25
AP 49 69 18
AP 49 70 16
AP 49 71 14
AP 49 72 11
AP 49 73 9
AP 49 74 11
AP 49 75 7
AP 49 76 8
AP 49 77 3
AP 49 78 1
AP 49 79 4
AP 49 80 1
AP 49 81 2
AP 49 83 1
AP 49 89 1
AP 50 7 1
AP 50 17 2
AP 50 19 2
AP 50 20 1
AP 50 21 1
AP 50 22 6
AP 50 23 5
AP 50 24 12
AP 50 25 6
AP 50 26 12
AP 50 27 13
AP 50 28 20
AP 50 29 14
AP 50 30 21
AP 50 31 20
AP 50 32 34
AP 50 33 30
AP 50 34 51
AP 50 35 70
AP 50 36 70
AP 50 37 70
AP 50 38 75
AP 50 39 106
AP 50 40 101
AP 50 41 96
AP 50 42 119
AP 50 43 127
AP 50 44 137
AP 50 45 173
AP 50 46 150
AP 50 47 159
AP 50 48 196
AP 50 49 155
AP 50 50 153
AP 50 51 143
AP 50 52 151
AP 50 53 152
AP 50 54 149
AP 50 55 133
AP 50 56 113
AP 50 57 132
AP 50 58 114
AP 50 59 105
AP 50 60 82
AP 50 61 76
AP 50 62 81
AP 50 63 57
AP 50 64 59
AP 50 65 45
AP 50 66 40
AP 50 67 37
AP 50 68 24
AP 50 69 24
AP 50 70 22
AP 50 71 12
AP 50 72 5
AP 50 73 5
AP 50 74 4
AP 50 75 9
AP 50 76 6
AP 50 77 5
AP 50 78 1
AP 50 79 4
AP 50 80 2
AP 50 81 1
AP 50 82 1
AP 50 83 1
AP 50 84 1
AP 50 85 2
AP 50 92 1
AP 51 9 1
AP 51 14 1
AP 51 15 2
AP 51 16 1
AP 51 20 2
AP 51 21 5
AP 51 22 3
AP 51 23 5
AP 51 24 10
AP 51 25 6
AP 51 26 9
AP 51 27 14
AP 51 28 21
AP 51 29 17
AP 51 30 21
AP 51 31 30
AP 51 32 39
AP 51 33 55
AP 51 34 50
AP 51 35 60
AP 51 36 76
AP 51 37 66
AP 51 38 80
AP 51 39 82
AP 51 40 92
AP 51 41 95
AP 51 42 107
AP 51 43 109
AP 51 44 123
AP 51 45 138
AP 51 46 142
AP 51 47 149
AP 51 48 159
AP 51 49 177
AP 51 50 144
AP 51 51 179
AP 51 52 177
AP 51 53 144
AP 51 54 112
AP 51 55 148
AP 51 56 129
AP 51 57 120
AP 51 58 107
AP 51 59 123
AP 51 60 97
AP 51 61 111
AP 51 62 69
AP 51 63 65
AP 51 64 44
AP 51 65 46
AP 51 66 39
AP 51 67 39
AP 51 68 33
AP 51 69 18
AP 51 70 14
AP 51 71 12
AP 51 72 12
AP 51 73 11
AP 51 74 5
AP 51 75 15
AP 51 76 2
AP 51 77 5
AP 51 78 2
AP 51 79 4
AP 51 80 3
AP 51 81 2
AP 51 82 1
AP 51 85 1
AP 52 18 1
AP 52 21 3
AP 52 22 2
AP 52 23 2
AP 52 24 4
AP 52 25 7
AP 52 26 6
AP 52 27 8
AP 52 28 5
AP 52 29 20
AP 52 30 27
AP 52 31 28
AP 52 32 33
AP 52 33 41
AP 52 34 41
AP 52 35 48
AP 52 36 64
AP 52 37 74
AP 52 38 86
AP 52 39 86
AP 52 40 93
AP 52 41 93
AP 52 42 111
AP 52 43 144
AP 52 44 131
AP 52 45 154
AP 52 46 151
AP 52 47 150
AP 52 48 152
AP 52 49 163
AP 52 50 146
AP 52 51 144
AP 52 52 166
AP 52 53 146
AP 52 54 140
AP 52 55 139
AP 52 56 133
AP 52 57 99
AP 52 58 116
AP 52 59 108
AP 52 60 82
AP 52 61 91
AP 52 62 73
AP 52 63 65
AP 52 64 61
AP 52 65 45
AP 52 66 44
AP 52 67 41
AP 52 68 16
AP 52 69 25
AP 52 70 26
AP 52 71 23
AP 52 72 7
AP 52 73 6
AP 52 74 9
AP 52 75 2
AP 52 76 5
AP 52 77 4
AP 52 78 2
AP 52 79 3
AP 52 80 2
AP 52 83 1
AP 53 17 1
AP 53 18 2
AP 53 19 3
AP 53 20 2
AP 53 21 8
AP 53 22 3
AP 53 23 4
AP 53 24 6
AP 53 25 9
AP 53 26 6
AP 53 27 9
AP 53 28 13
AP 53 29 11
AP 53 30 31
AP 53 31 26
AP 53 32 33
AP 53 33 39
AP 53 34 40
AP 53 35 55
AP 53 36 53
AP 53 37 74
AP 53 38 92
AP 53 39 68
AP 53 40 80
AP 53 41 106
AP 53 42 105
AP 53 43 114
AP 53 44 133
AP 53 45 135
AP 53 46 137
AP 53 47 136
AP 53 48 160
AP 53 49 136
AP 53 50 133
AP 53 51 141
AP 53 52 166
AP 53 53 131
AP 53 54 142
AP 53 55 131
AP 53 56 128
AP 53 57 94
AP 53 58 100
AP 53 59 96
AP 53 60 76
AP 53 61 78
AP 53 62 64
AP 53 63 54
AP 53 64 62
AP 53 65 55
AP 53 66 50
AP 53 67 32
AP 53 68 28
AP 53 69 24
AP 53 70 20
AP 53 71 23
AP 53 72 11
AP 53 73 7
AP 53 74 8
AP 53 75 7
AP 53 76 3
AP 53 77 3
AP 53 78 2
AP 53 80 3
AP 53 81 4
AP 53 82 2
AP 53 83 1
AP 54 9 1
AP 54 14 1
AP 54 15 3
AP 54 17 1
AP 54 19 2
AP 54 20 2
AP 54 21 1
AP 54 22 2
AP 54 23 5
AP 54 24 8
AP 54 25 6
AP 54 26 12
AP 54 27 11
AP 54 28 15
AP 54 29 18
AP 54 30 27
AP 54 31 31
AP 54 32 33
AP 54 33 32
AP 54 34 57
AP 54 35 44
AP 54 36 53
AP 54 37 62
AP 54 38 82
AP 54 39 83
AP 54 40 76
AP 54 41 103
AP 54 42 110
AP 54 43 130
AP 54 44 110
AP 54 45 135
AP 54 46 141
AP 54 47 146
AP 54 48 163
AP 54 49 137
AP 54 50 149
AP 54 51 140
AP 54 52 121
AP 54 53 155
AP 54 54 114
AP 54 55 115
AP 54 56 92
AP 54 57 109
AP 54 58 80
AP 54 59 96
AP 54 60 76
AP 54 61 69
AP 54 62 59
AP 54 63 61
AP 54 64 55
AP 54 65 38
AP 54 66 29
AP 54 67 37
AP 54 68 18
AP 54 69 23
AP 54 70 19
AP 54 71 16
AP 54 72 13
AP 54 73 14
AP 54 74 6
AP 54 75 4
AP 54 76 4
AP 54 77 5
AP 54 78 2
AP 54 79 2
AP 54 80 2
AP 54 81 1
AP 54 83 1
AP 54 86 1
AP 55 15 1
AP 55 18 1
AP 55 19 2
AP 55 20 1
AP 55 21 2
AP 55 23 5
AP 55 24 3
AP 55 25 4
AP 55 26 7
AP 55 27 12
AP 55 28 14
AP 55 29 19
AP 55 30 20
AP 55 31 21
AP 55 32 37
AP 55 33 40
AP 55 34 42
AP 55 35 48
AP 55 36 60
AP 55 37 64
AP 55 38 57
AP 55 39 95
AP 55 40 82
AP 55 41 100
AP 55 42 111
AP 55 43 112
AP 55 44 115
AP 55 45 117
AP 55 46 130
AP 55 47 143
AP 55 48 155
AP 55 49 114
AP 55 50 139
AP 55 51 135
AP 55 52 133
AP 55 53 127
AP 55 54 141
AP 55 55 111
AP 55 56 119
AP 55 57 103
AP 55 58 81
AP 55 59 83
AP 55 60 77
AP 55 61 61
AP 55 62 62
AP 55 63 63
AP 55 64 39
AP 55 65 60
AP 55 66 34
AP 55 67 21
AP 55 68 30
AP 55 69 21
AP 55 70 12
AP 55 71 15
AP 55 72 11
AP 55 73 7
AP 55 74 5
AP 55 75 8
AP 55 76 3
AP 55 77 2
AP 55 78 3
AP 55 79 1
AP 55 80 3
AP 55 82 2
AP 56 15 1
AP 56 17 1
AP 56 18 1
AP 56 20 2
AP 56 22 3
AP 56 23 4
AP 56 24 6
AP 56 25 8
AP 56 26 3
AP 56 27 14
AP 56 28 13
AP 56 29 17
AP 56 30 16
AP 56 31 19
AP 56 32 32
AP 56 33 32
AP 56 34 36
AP 56 35 45
AP 56 36 54
AP 56 37 56
AP 56 38 58
AP 56 39 66
AP 56 40 90
AP 56 41 108
AP 56 42 89
AP 56 43 121
AP 56 44 123
AP 56 45 126
AP 56 46 120
AP 56 47 110
AP 56 48 132
AP 56 49 122
AP 56 50 146
AP 56 51 134
AP 56 52 116
AP 56 53 131
AP 56 54 136
AP 56 55 113
AP 56 56 89
AP 56 57 100
AP 56 58 97
AP 56 59 64
AP 56 60 73
AP 56 61 71
AP 56 62 66
AP 56 63 46
AP 56 64 45
AP 56 65 38
AP 56 66 30
AP 56 67 24
AP 56 68 23
AP 56 69 18
AP 56 70 6
AP 56 71 13
AP 56 72 9
AP 56 73 6
AP 56 74 6
AP 56 75 5
AP 56 76 2
AP 56 77 1
AP 56 78 2
AP 56 79 2
AP 56 80 1
AP 56 81 1
AP 56 87 1
AP 57 7 1
AP 57 14 1
AP 57 17 1
AP 57 20 3
AP 57 21 2
AP 57 22 4
AP 57 23 1
AP 57 24 5
AP 57 25 7
AP 57 26 9
AP 57 27 12
AP 57 28 9
AP 57 29 19
AP 57 30 21
AP 57 31 28
AP 57 32 28
AP 57 33 38
AP 57 34 40
AP 57 35 48
AP 57 36 54
AP 57 37 54
AP 57 38 71
AP 57 39 82
AP 57 40 63
AP 57 41 87
AP 57 42 82
AP 57 43 95
AP 57 44 105
AP 57 45 125
AP 57 46 125
AP 57 47 102
AP 57 48 111
AP 57 49 120
AP 57 50 105
AP 57 51 107
AP 57 52 119
AP 57 53 115
AP 57 54 98
AP 57 55 93
AP 57 56 101
AP 57 57 118
AP 57 58 94
AP 57 59 86
AP 57 60 62
AP 57 61 48
AP 57 62 62
AP 57 63 64
AP 57 64 37
AP 57 65 35
AP 57 66 31
AP 57 67 20
AP 57 68 11
AP 57 69 21
AP 57 70 17
AP 57 71 11
AP 57 72 9
AP 57 73 5
AP 57 74 5
AP 57 75 3
AP 57 76 3
AP 57 77 4
AP 57 78 2
AP 57 80 1
AP 57 81 1
AP 57 83 1
AP 58 16 1
AP 58 18 2
AP 58 20 1
AP 58 21 1
AP 58 22 3
AP 58 23 3
AP 58 24 5
AP 58 25 7
AP 58 26 7
AP 58 27 17
AP 58 28 8
AP 58 29 12
AP 58 30 17
AP 58 31 21
AP 58 32 24
AP 58 33 30
AP 58 34 40
AP 58 35 42
AP 58 36 49
AP 58 37 49
AP 58 38 59
AP 58 39 61
AP 58 40 72
AP 58 41 76
AP 58 42 87
AP 58 43 80
AP 58 44 95
AP 58 45 107
AP 58 46 120
AP 58 47 122
AP 58 48 122
AP 58 49 108
AP 58 50 106
AP 58 51 113
AP 58 52 107
AP 58 53 88
AP 58 54 94
AP 58 55 100
AP 58 56 77
AP 58 57 85
AP 58 58 76
AP 58 59 75
AP 58 60 53
AP 58 61 48
AP 58 62 52
AP 58 63 39
AP 58 64 40
AP 58 65 30
AP 58 66 24
AP 58 67 22
AP 58 68 23
AP 58 69 12
AP 58 70 12
AP 58 71 12
AP 58 72 11
AP 58 73 4
AP 58 74 4
AP 58 75 4
AP 58 76 3
AP 58 77 4
AP 58 80 2
AP 58 82 1
AP 58 83 1
AP 58 91 1
AP 59 16 1
AP 59 19 3
AP 59 20 2
AP 59 21 5
AP 59 22 1
AP 59 23 3
AP 59 24 1
AP 59 25 6
AP 59 26 8
AP 59 27 6
AP 59 28 11
AP 59 29 16
AP 59 30 12
AP 59 31 21
AP 59 32 27
AP 59 33 28
AP 59 34 34
AP 59 35 43
AP 59 36 43
AP 59 37 52
AP 59 38 52
AP 59 39 69
AP 59 40 64
AP 59 41 66
AP 59 42 70
AP 59 43 95
AP 59 44 79
AP 59 45 96
AP 59 46 87
AP 59 47 100
AP 59 48 87
AP 59 49 124
AP 59 50 104
AP 59 51 85
AP 59 52 92
AP 59 53 94
AP 59 54 78
AP 59 55 94
AP 59 56 85
AP 59 57 77
AP 59 58 75
AP 59 59 67
AP 59 60 64
AP 59 61 51
AP 59 62 38
AP 59 63 35
AP 59 64 39
AP 59 65 22
AP 59 66 28
AP 59 67 17
AP 59 68 17
AP 59 69 18
AP 59 70 7
AP 59 71 6
AP 59 72 7
AP 59 73 8
AP 59 74 8
AP 59 75 4
AP 59 76 4
AP 59 77 3
AP 59 78 1
AP 59 81 4
AP 59 90 1
AP 60 8 2
AP 60 16 1
AP 60 17 1
AP 60 18 1
AP 60 20 2
AP 60 21 1
AP 60 22 2
AP 60 23 2
AP 60 24 3
AP 60 25 2
AP 60 26 6
AP 60 27 3
AP 60 28 14
AP 60 29 10
AP 60 30 16
AP 60 31 12
AP 60 32 16
AP 60 33 23
AP 60 34 34
AP 60 35 35
AP 60 36 39
AP 60 37 44
AP 60 38 53
AP 60 39 54
AP 60 40 59
AP 60 41 55
AP 60 42 80
AP 60 43 88
AP 60 44 86
AP 60 45 78
AP 60 46 101
AP 60 47 79
AP 60 48 93
AP 60 49 100
AP 60 50 95
AP 60 51 96
AP 60 52 91
AP 60 53 72
AP 60 54 89
AP 60 55 73
AP 60 56 79
AP 60 57 60
AP 60 58 64
AP 60 59 65
AP 60 60 50
AP 60 61 44
AP 60 62 56
AP 60 63 34
AP 60 64 32
AP 60 65 23
AP 60 66 28
AP 60 67 18
AP 60 68 13
AP 60 69 13
AP 60 70 14
AP 60 71 8
AP 60 72 3
AP 60 73 5
AP 60 74 6
AP 60 75 2
AP 60 76 1
AP 60 77 2
AP 60 78 1
AP 60 79 1
AP 60 80 2
AP 60 81 2
AP 60 83 2
AP 61 17 1
AP 61 18 1
AP 61 20 2
AP 61 22 2
AP 61 23 1
AP 61 24 4
AP 61 25 1
AP 61 26 5
AP 61 27 6
AP 61 28 2
AP 61 29 10
AP 61 30 13
AP 61 31 19
AP 61 32 20
AP 61 33 27
AP 61 34 28
AP 61 35 26
AP 61 36 27
AP 61 37 38
AP 61 38 46
AP 61 39 37
AP 61 40 41
AP 61 41 49
AP 61 42 61
AP 61 43 72
AP 61 44 79
AP 61 45 76
AP 61 46 84
AP 61 47 91
AP 61 48 79
AP 61 49 76
AP 61 50 70
AP 61 51 89
AP 61 52 83
AP 61 53 79
AP 61 54 87
AP 61 55 70
AP 61 56 68
AP 61 57 61
AP 61 58 47
AP 61 59 65
AP 61 60 44
AP 61 61 54
AP 61 62 43
AP 61 63 35
AP 61 64 30
AP 61 65 28
AP 61 66 18
AP 61 67 14
AP 61 68 11
AP 61 69 13
AP 61 70 7
AP 61 71 5
AP 61 72 6
AP 61 73 6
AP 61 74 2
AP 61 75 5
AP 61 76 4
AP 61 77 1
AP 61 78 3
AP 61 80 1
AP 61 82 1
AP 61 84 1
AP 62 13 1
AP 62 14 1
AP 62 18 1
AP 62 19 1
AP 62 21 1
AP 62 22 2
AP 62 23 3
AP 62 24 5
AP 62 25 1
AP 62 26 6
AP 62 27 4
AP 62 28 2
AP 62 29 13
AP 62 30 7
AP 62 31 8
AP 62 32 17
AP 62 33 24
AP 62 34 23
AP 62 35 24
AP 62 36 29
AP 62 37 34
AP 62 38 46
AP 62 39 39
AP 62 40 59
AP 62 41 60
AP 62 42 53
AP 62 43 58
AP 62 44 53
AP 62 45 63
AP 62 46 64
AP 62 47 75
AP 62 48 74
AP 62 49 78
AP 62 50 65
AP 62 51 77
AP 62 52 68
AP 62 53 78
AP 62 54 58
AP 62 55 47
AP 62 56 55
AP 62 57 65
AP 62 58 48
AP 62 59 62
AP 62 60 43
AP 62 61 43
AP 62 62 36
AP 62 63 28
AP 62 64 24
AP 62 65 22
AP 62 66 21
AP 62 67 11
AP 62 68 16
AP 62 69 10
AP 62 70 10
AP 62 71 2
AP 62 72 3
AP 62 73 4
AP 62 74 8
AP 62 75 5
AP 62 76 3
AP 62 77 1
AP 62 78 1
AP 62 79 1
AP 62 85 1
AP 63 14 1
AP 63 17 1
AP 63 20 1
AP 63 21 1
AP 63 22 5
AP 63 23 2
AP 63 24 4
AP 63 25 1
AP 63 26 2
AP 63 27 1
AP 63 28 11
AP 63 29 8
AP 63 30 10
AP 63 31 13
AP 63 32 19
AP 63 33 16
AP 63 34 21
AP 63 35 25
AP 63 36 29
AP 63 37 28
AP 63 38 28
AP 63 39 31
AP 63 40 44
AP 63 41 32
AP 63 42 48
AP 63 43 61
AP 63 44 75
AP 63 45 58
AP 63 46 55
AP 63 47 66
AP 63 48 53
AP 63 49 64
AP 63 50 72
AP 63 51 68
AP 63 52 37
AP 63 53 43
AP 63 54 66
AP 63 55 46
AP 63 56 55
AP 63 57 36
AP 63 58 52
AP 63 59 44
AP 63 60 40
AP 63 61 31
AP 63 62 20
AP 63 63 28
AP 63 64 24
AP 63 65 20
AP 63 66 12
AP 63 67 11
AP 63 68 13
AP 63 69 7
AP 63 70 5
AP 63 71 5
AP 63 72 3
AP 63 73 5
AP 63 74 4
AP 63 75 3
AP 63 76 3
AP 63 77 2
AP 63 78 1
AP 63 79 1
AP 63 80 1
AP 63 81 1
AP 63 83 1
AP 64 14 1
AP 64 22 2
AP 64 23 1
AP 64 24 1
AP 64 25 1
AP 64 26 1
AP 64 27 8
AP 64 28 3
AP 64 29 9
AP 64 30 7
AP 64 31 6
AP 64 32 11
AP 64 33 11
AP 64 34 13
AP 64 35 13
AP 64 36 26
AP 64 37 28
AP 64 38 30
AP 64 39 32
AP 64 40 37
AP 64 41 31
AP 64 42 56
AP 64 43 45
AP 64 44 60
AP 64 45 40
AP 64 46 52
AP 64 47 59
AP 64 48 66
AP 64 49 56
AP 64 50 47
AP 64 51 49
AP 64 52 47
AP 64 53 55
AP 64 54 38
AP 64 55 45
AP 64 56 48
AP 64 57 58
AP 64 58 33
AP 64 59 33
AP 64 60 35
AP 64 61 33
AP 64 62 24
AP 64 63 22
AP 64 64 23
AP 64 65 21
AP 64 66 13
AP 64 67 15
AP 64 68 11
AP 64 69 5
AP 64 70 6
AP 64 71 9
AP 64 72 6
AP 64 73 3
AP 64 74 3
AP 64 75 3
AP 64 76 4
AP 64 78 1
AP 64 81 1
AP 65 19 1
AP 65 20 1
AP 65 21 1
AP 65 22 1
AP 65 24 2
AP 65 25 2
AP 65 26 1
AP 65 27 1
AP 65 28 3
AP 65 29 7
AP 65 30 8
AP 65 31 13
AP 65 32 12
AP 65 33 14
AP 65 34 19
AP 65 35 16
AP 65 36 14
AP 65 37 27
AP 65 38 27
AP 65 39 22
AP 65 40 36
AP 65 41 26
AP 65 42 25
AP 65 43 38
AP 65 44 37
AP 65 45 37
AP 65 46 55
AP 65 47 42
AP 65 48 54
AP 65 49 48
AP 65 50 61
AP 65 51 51
AP 65 52 39
AP 65 53 65
AP 65 54 47
AP 65 55 49
AP 65 56 45
AP 65 57 28
AP 65 58 38
AP 65 59 27
AP 65 60 26
AP 65 61 22
AP 65 62 25
AP 65 63 30
AP 65 64 16
AP 65 65 14
AP 65 66 16
AP 65 67 11
AP 65 68 7
AP 65 69 8
AP 65 70 5
AP 65 71 4
AP 65 72 5
AP 65 73 2
AP 65 74 2
AP 65 75 1
AP 66 20 1
AP 66 21 2
AP 66 22 1
AP 66 23 1
AP 66 24 1
AP 66 25 5
AP 66 26 4
AP 66 27 2
AP 66 28 3
AP 66 29 1
AP 66 30 4
AP 66 31 4
AP 66 32 11
AP 66 33 8
AP 66 34 14
AP 66 35 17
AP 66 36 11
AP 66 37 16
AP 66 38 18
AP 66 39 20
AP 66 40 27
AP 66 41 22
AP 66 42 44
AP 66 43 31
AP 66 44 24
AP 66 45 39
AP 66 46 45
AP 66 47 40
AP 66 48 47
AP 66 49 28
AP 66 50 40
AP 66 51 37
AP 66 52 43
AP 66 53 34
AP 66 54 38
AP 66 55 41
AP 66 56 40
AP 66 57 25
AP 66 58 24
AP 66 59 32
AP 66 60 23
AP 66 61 24
AP 66 62 17
AP 66 63 16
AP 66 64 12
AP 66 65 11
AP 66 66 20
AP 66 67 17
AP 66 68 3
AP 66 69 5
AP 66 70 7
AP 66 71 4
AP 66 72 3
AP 66 73 2
AP 66 75 1
AP 66 76 1
AP 66 77 2
AP 66 78 2
AP 67 9 1
AP 67 15 1
AP 67 17 1
AP 67 19 2
AP 67 21 1
AP 67 22 3
AP 67 23 1
AP 67 24 3
AP 67 25 1
AP 67 26 4
AP 67 27 5
AP 67 28 2
AP 67 29 4
AP 67 30 6
AP 67 31 3
AP 67 32 8
AP 67 33 6
AP 67 34 14
AP 67 35 11
AP 67 36 13
AP 67 37 13
AP 67 38 24
AP 67 39 25
AP 67 40 22
AP 67 41 21
AP 67 42 35
AP 67 43 28
AP 67 44 26
AP 67 45 32
AP 67 46 38
AP 67 47 34
AP 67 48 41
AP 67 49 27
AP 67 50 36
AP 67 51 27
AP 67 52 41
AP 67 53 30
AP 67 54 34
AP 67 55 36
AP 67 56 24
AP 67 57 26
AP 67 58 14
AP 67 59 30
AP 67 60 23
AP 67 61 24
AP 67 62 20
AP 67 63 14
AP 67 64 13
AP 67 65 12
AP 67 66 12
AP 67 67 6
AP 67 68 7
AP 67 69 2
AP 67 70 5
AP 67 71 4
AP 67 72 6
AP 67 73 2
AP 67 80 1
AP 68 16 1
AP 68 20 1
AP 68 21 1
AP 68 23 1
AP 68 24 2
AP 68 25 2
AP 68 26 1
AP 68 28 6
AP 68 29 3
AP 68 30 3
AP 68 31 5
AP 68 32 7
AP 68 33 8
AP 68 34 5
AP 68 35 13
AP 68 36 15
AP 68 37 15
AP 68 38 10
AP 68 39 17
AP 68 40 16
AP 68 41 20
AP 68 42 23
AP 68 43 32
AP 68 44 15
AP 68 45 31
AP 68 46 25
AP 68 47 31
AP 68 48 31
AP 68 49 25
AP 68 50 21
AP 68 51 24
AP 68 52 21
AP 68 53 20
AP 68 54 29
AP 68 55 27
AP 68 56 22
AP 68 57 18
AP 68 58 20
AP 68 59 25
AP 68 60 24
AP 68 61 14
AP 68 62 16
AP 68 63 8
AP 68 64 10
AP 68 65 7
AP 68 66 9
AP 68 67 2
AP 68 68 3
AP 68 69 4
AP 68 70 3
AP 68 71 3
AP 68 72 4
AP 68 73 2
AP 68 74 2
AP 68 75 1
AP 68 76 2
AP 68 78 1
AP 68 80 1
AP 69 20 1
AP 69 22 1
AP 69 23 1
AP 69 24 1
AP 69 25 1
AP 69 26 2
AP 69 28 3
AP 69 29 3
AP 69 30 3
AP 69 31 3
AP 69 32 6
AP 69 33 7
AP 69 34 4
AP 69 35 8
AP 69 36 7
AP 69 37 14
AP 69 38 9
AP 69 39 15
AP 69 40 24
AP 69 41 15
AP 69 42 22
AP 69 43 15
AP 69 44 29
AP 69 45 24
AP 69 46 22
AP 69 47 18
AP 69 48 24
AP 69 49 26
AP 69 50 20
AP 69 51 30
AP 69 52 27
AP 69 53 23
AP 69 54 22
AP 69 55 17
AP 69 56 22
AP 69 57 19
AP 69 58 15
AP 69 59 10
AP 69 60 10
AP 69 61 13
AP 69 62 15
AP 69 63 9
AP 69 64 9
AP 69 65 8
AP 69 66 5
AP 69 67 7
AP 69 68 7
AP 69 69 8
AP 69 70 4
AP 69 71 3
AP 69 72 2
AP 69 74 1
AP 69 75 1
AP 69 76 1
AP 69 77 1
AP 69 78 2
AP 69 80 1
AP 70 20 1
AP 70 22 1
AP 70 24 2
AP 70 25 1
AP 70 29 2
AP 70 30 2
AP 70 31 2
AP 70 32 9
AP 70 33 7
AP 70 34 2
AP 70 35 8
AP 70 36 7
AP 70 37 10
AP 70 38 10
AP 70 39 9
AP 70 40 11
AP 70 41 17
AP 70 42 16
AP 70 43 19
AP 70 44 17
AP 70 45 15
AP 70 46 20
AP 70 47 19
AP 70 48 15
AP 70 49 8
AP 70 50 22
AP 70 51 25
AP 70 52 15
AP 70 53 14
AP 70 54 16
AP 70 55 16
AP 70 56 11
AP 70 57 10
AP 70 58 7
AP 70 59 16
AP 70 60 5
AP 70 61 10
AP 70 62 9
AP 70 63 10
AP 70 64 15
AP 70 65 8
AP 70 66 3
AP 70 67 6
AP 70 68 7
AP 70 69 4
AP 70 70 3
AP 70 71 2
AP 70 72 4
AP 70 73 2
AP 70 74 3
AP 70 77 1
AP 70 81 1
AP 70 84 1
AP 71 20 1
AP 71 24 1
AP 71 25 2
AP 71 26 1
AP 71 27 1
AP 71 29 1
AP 71 30 2
AP 71 31 2
AP 71 32 1
AP 71 33 2
AP 71 34 4
AP 71 35 8
AP 71 36 1
AP 71 37 10
AP 71 38 11
AP 71 39 9
AP 71 40 5
AP 71 41 7
AP 71 42 14
AP 71 43 17
AP 71 44 10
AP 71 45 16
AP 71 46 16
AP 71 47 12
AP 71 48 9
AP 71 49 6
AP 71 50 16
AP 71 51 13
AP 71 52 14
AP 71 53 8
AP 71 54 14
AP 71 55 14
AP 71 56 15
AP 71 57 15
AP 71 58 16
AP 71 59 12
AP 71 60 8
AP 71 61 9
AP 71 62 11
AP 71 63 6
AP 71 64 8
AP 71 65 6
AP 71 66 2
AP 71 67 1
AP 71 68 3
AP 71 69 1
AP 71 70 2
AP 71 71 3
AP 71 72 1
AP 71 73 1
AP 71 74 2
AP 71 75 1
AP 71 82 1
AP 72 20 1
AP 72 23 1
AP 72 25 1
AP 72 28 2
AP 72 29 1
AP 72 30 4
AP 72 31 2
AP 72 33 5
AP 72 34 5
AP 72 35 3
AP 72 36 8
AP 72 37 4
AP 72 38 12
AP 72 39 6
AP 72 40 7
AP 72 41 15
AP 72 42 10
AP 72 43 11
AP 72 44 8
AP 72 45 13
AP 72 46 8
AP 72 47 14
AP 72 48 7
AP 72 49 10
AP 72 50 14
AP 72 51 13
AP 72 52 9
AP 72 53 15
AP 72 54 10
AP 72 55 11
AP 72 56 8
AP 72 57 4
AP 72 58 9
AP 72 59 7
AP 72 60 11
AP 72 61 5
AP 72 62 2
AP 72 63 4
AP 72 64 4
AP 72 65 2
AP 72 66 1
AP 72 67 1
AP 72 68 1
AP 72 69 2
AP 72 70 2
AP 72 72 1
AP 72 73 2
AP 72 74 1
AP 72 79 1
AP 73 15 1
AP 73 23 1
AP 73 28 3
AP 73 30 2
AP 73 31 3
AP 73 32 2
AP 73 34 2
AP 73 35 3
AP 73 36 6
AP 73 37 1
AP 73 38 6
AP 73 39 5
AP 73 40 5
AP 73 41 7
AP 73 42 6
AP 73 43 5
AP 73 44 7
AP 73 45 7
AP 73 46 15
AP 73 47 8
AP 73 48 11
AP 73 49 7
AP 73 50 7
AP 73 51 11
AP 73 52 7
AP 73 53 5
AP 73 54 10
AP 73 55 7
AP 73 56 4
AP 73 57 5
AP 73 58 11
AP 73 59 6
AP 73 60 7
AP 73 61 2
AP 73 62 2
AP 73 63 3
AP 73 64 2
AP 73 65 2
AP 73 66 3
AP 73 67 4
AP 73 68 1
AP 73 69 6
AP 73 71 1
AP 73 73 2
AP 73 74 1
AP 73 75 1
AP 74 18 1
AP 74 23 1
AP 74 25 1
AP 74 27 2
AP 74 31 1
AP 74 32 1
AP 74 33 5
AP 74 35 3
AP 74 36 3
AP 74 37 6
AP 74 38 5
AP 74 39 3
AP 74 40 6
AP 74 41 5
AP 74 42 7
AP 74 43 5
AP 74 44 3
AP 74 45 9
AP 74 46 4
AP 74 47 5
AP 74 48 7
AP 74 49 4
AP 74 50 7
AP 74 51 7
AP 74 52 5
AP 74 53 12
AP 74 54 11
AP 74 55 5
AP 74 56 3
AP 74 57 6
AP 74 58 5
AP 74 59 7
AP 74 60 8
AP 74 61 3
AP 74 62 2
AP 74 63 4
AP 74 64 3
AP 74 65 3
AP 74 66 1
AP 74 67 2
AP 74 68 2
AP 74 69 2
AP 74 71 1
AP 74 72 1
AP 74 73 1
AP 74 75 1
AP 74 76 1
AP 75 25 1
AP 75 27 2
AP 75 28 1
AP 75 31 1
AP 75 33 1
AP 75 34 2
AP 75 35 1
AP 75 36 1
AP 75 37 2
AP 75 38 3
AP 75 39 4
AP 75 40 4
AP 75 41 7
AP 75 42 7
AP 75 43 3
AP 75 44 4
AP 75 45 7
AP 75 46 6
AP 75 47 9
AP 75 48 8
AP 75 49 3
AP 75 50 10
AP 75 51 7
AP 75 52 5
AP 75 53 4
AP 75 54 6
AP 75 55 6
AP 75 56 6
AP 75 57 6
AP 75 58 7
AP 75 59 7
AP 75 60 2
AP 75 61 2
AP 75 62 2
AP 75 63 1
AP 75 64 2
AP 75 65 1
AP 75 66 2
AP 75 67 1
AP 75 68 1
AP 75 69 1
AP 75 71 2
AP 75 75 1
AP 76 23 1
AP 76 29 1
AP 76 30 1
AP 76 32 1
AP 76 33 1
AP 76 34 1
AP 76 35 2
AP 76 37 2
AP 76 38 7
AP 76 39 2
AP 76 40 3
AP 76 41 2
AP 76 42 4
AP 76 43 4
AP 76 44 2
AP 76 45 6
AP 76 46 7
AP 76 47 6
AP 76 48 5
AP 76 49 4
AP 76 50 5
AP 76 51 6
AP 76 52 6
AP 76 53 2
AP 76 54 4
AP 76 55 8
AP 76 56 4
AP 76 57 1
AP 76 58 4
AP 76 59 6
AP 76 60 2
AP 76 61 1
AP 76 62 2
AP 76 63 1
AP 76 64 2
AP 76 65 1
AP 76 66 2
AP 76 69 1
AP 76 71 1
AP 76 73 1
AP 76 74 1
AP 77 18 1
AP 77 27 1
AP 77 31 2
AP 77 32 1
AP 77 34 2
AP 77 35 1
AP 77 36 1
AP 77 37 2
AP 77 39 2
AP 77 40 4
AP 77 41 2
AP 77 42 4
AP 77 43 3
AP 77 44 1
AP 77 45 1
AP 77 46 3
AP 77 47 3
AP 77 48 3
AP 77 49 2
AP 77 50 2
AP 77 51 3
AP 77 52 4
AP 77 53 5
AP 77 54 3
AP 77 55 6
AP 77 56 2
AP 77 57 3
AP 77 58 3
AP 77 60 1
AP 77 61 1
AP 77 62 4
AP 77 64 1
AP 77 65 2
AP 77 67 1
AP 77 68 1
AP 77 69 1
AP 77 72 1
AP 78 33 2
AP 78 35 1
AP 78 36 2
AP 78 39 5
AP 78 40 4
AP 78 41 3
AP 78 42 3
AP 78 43 1
AP 78 44 2
AP 78 46 2
AP 78 47 5
AP 78 48 2
AP 78 49 1
AP 78 50 3
AP 78 51 7
AP 78 52 2
AP 78 53 3
AP 78 54 4
AP 78 55 4
AP 78 56 4
AP 78 57 2
AP 78 58 1
AP 78 59 3
AP 78 61 2
AP 78 63 1
AP 78 64 2
AP 78 65 1
AP 79 27 1
AP 79 34 1
AP 79 39 2
AP 79 40 2
AP 79 41 1
AP 79 42 1
AP 79 43 3
AP 79 44 2
AP 79 45 2
AP 79 46 1
AP 79 47 3
AP 79 48 1
AP 79 49 2
AP 79 50 6
AP 79 51 3
AP 79 52 2
AP 79 53 1
AP 79 54 1
AP 79 56 3
AP 79 57 1
AP 79 58 1
AP 79 60 2
AP 79 63 1
AP 79 64 1
AP 79 66 1
AP 79 68 1
AP 79 70 1
AP 79 71 1
AP 80 36 2
AP 80 37 2
AP 80 38 1
AP 80 40 1
AP 80 41 1
AP 80 42 1
AP 80 43 1
AP 80 45 2
AP 80 46 1
AP 80 47 1
AP 80 48 3
AP 80 49 4
AP 80 50 2
AP 80 52 3
AP 80 53 1
AP 80 57 4
AP 80 59 1
AP 80 60 1
AP 80 67 1
AP 81 35 1
AP 81 37 1
AP 81 44 2
AP 81 45 1
AP 81 46 2
AP 81 47 1
AP 81 49 1
AP 81 50 4
AP 81 51 2
AP 81 53 2
AP 81 54 1
AP 81 55 1
AP 81 56 2
AP 81 57 1
AP 81 58 1
AP 81 60 3
AP 81 62 2
AP 81 67 1
AP 81 72 1
AP 82 27 1
AP 82 35 1
AP 82 38 1
AP 82 39 1
AP 82 42 1
AP 82 43 1
AP 82 44 1
AP 82 45 1
AP 82 48 2
AP 82 49 1
AP 82 50 1
AP 82 51 1
AP 82 53 1
AP 82 54 2
AP 82 55 1
AP 82 56 2
AP 82 58 2
AP 82 59 1
AP 82 61 1
AP 82 64 1
AP 82 68 1
AP 83 37 1
AP 83 38 1
AP 83 42 1
AP 83 46 1
AP 83 47 2
AP 83 48 1
AP 83 51 2
AP 83 52 4
AP 83 53 1
AP 83 54 2
AP 83 60 1
AP 83 65 1
AP 84 38 1
AP 84 39 2
AP 84 41 1
AP 84 42 2
AP 84 44 2
AP 84 47 2
AP 84 48 1
AP 84 50 2
AP 84 54 1
AP 84 58 1
AP 84 64 2
AP 85 29 1
AP 85 49 1
AP 85 51 1
AP 85 53 1
AP 85 55 2
AP 85 57 1
AP 85 61 1
AP 86 49 2
AP 86 51 1
AP 86 52 1
AP 86 54 1
AP 86 61 1
AP 87 51 1
AP 87 58 1
AP 88 34 1
AP 88 54 1
AP 88 59 1
AP 89 64 1
AP 90 36 1
AP 90 38 1
AP 90 48 1
