XA -9.96094 -9.88281 -9.80469 -9.72656 -9.64844 -9.57031 -9.49219 -9.41406 -9.33594 -9.25781 -9.17969 -9.10156 -9.02344 -8.94531 -8.86719 -8.78906 -8.71094 -8.63281 -8.55469 -8.47656 -8.39844 -8.32031 -8.24219 -8.16406 -8.08594 -8.00781 -7.92969 -7.85156 -7.77344 -7.69531 -7.61719 -7.53906 -7.46094 -7.38281 -7.30469 -7.22656 -7.14844 -7.07031 -6.99219 -6.91406 -6.83594 -6.75781 -6.67969 -6.60156 -6.52344 -6.44531 -6.36719 -6.28906 -6.21094 -6.13281 -6.05469 -5.97656 -5.89844 -5.82031 -5.74219 -5.66406 -5.58594 -5.50781 -5.42969 -5.35156 -5.27344 -5.19531 -5.11719 -5.03906 -4.96094 -4.88281 -4.80469 -4.72656 -4.64844 -4.57031 -4.49219 -4.41406 -4.33594 -4.25781 -4.17969 -4.10156 -4.02344 -3.94531 -3.86719 -3.78906 -3.71094 -3.63281 -3.55469 -3.47656 -3.39844 -3.32031 -3.24219 -3.16406 -3.08594 -3.00781 -2.92969 -2.85156 -2.77344 -2.69531 -2.61719 -2.53906 -2.46094 -2.38281 -2.30469 -2.22656 -2.14844 -2.07031 -1.99219 -1.91406 -1.83594 -1.75781 -1.67969 -1.60156 -1.52344 -1.44531 -1.36719 -1.28906 -1.21094 -1.13281 -1.05469 -0.976562 -0.898438 -0.820312 -0.742188 -0.664062 -0.585938 -0.507812 -0.429688 -0.351562 -0.273438 -0.195312 -0.117188 -0.0390625 0.0390625 0.117188 0.195312 0.273438 0.351562 0.429688 0.507812 0.585938 0.664062 0.742188 0.820312 0.898438 0.976562 1.05469 1.13281 1.21094 1.28906 1.36719 1.44531 1.52344 1.60156 1.67969 1.75781 1.83594 1.91406 1.99219 2.07031 2.14844 2.22656 2.30469 2.38281 2.46094 2.53906 2.61719 2.69531 2.77344 2.85156 2.92969 3.00781 3.08594 3.16406 3.24219 3.32031 3.39844 3.47656 3.55469 3.63281 3.71094 3.78906 3.86719 3.94531 4.02344 4.10156 4.17969 4.25781 4.33594 4.41406 4.49219 4.57031 4.64844 4.72656 4.80469 4.88281 4.96094 5.03906 5.11719 5.19531 5.27344 5.35156 5.42969 5.50781 5.58594 5.66406 5.74219 5.82031 5.89844 5.97656 6.05469 6.13281 6.21094 6.28906 6.36719 6.44531 6.52344 6.60156 6.67969 6.75781 6.83594 6.91406 6.99219 7.07031 7.14844 7.22656 7.30469 7.38281 7.46094 7.53906 7.61719 7.69531 7.77344 7.85156 7.92969 8.00781 8.08594 8.16406 8.24219 8.32031 8.39844 8.47656 8.55469 8.63281 8.71094 8.78906 8.86719 8.94531 9.02344 9.10156 9.17969 9.25781 9.33594 9.41406 9.49219 9.57031 9.64844 9.72656 9.80469 9.88281 
YA -9.96094 -9.88281 -9.80469 -9.72656 -9.64844 -9.57031 -9.49219 -9.41406 -9.33594 -9.25781 -9.17969 -9.10156 -9.02344 -8.94531 -8.86719 -8.78906 -8.71094 -8.63281 -8.55469 -8.47656 -8.39844 -8.32031 -8.24219 -8.16406 -8.08594 -8.00781 -7.92969 -7.85156 -7.77344 -7.69531 -7.61719 -7.53906 -7.46094 -7.38281 -7.30469 -7.22656 -7.14844 -7.07031 -6.99219 -6.91406 -6.83594 -6.75781 -6.67969 -6.60156 -6.52344 -6.44531 -6.36719 -6.28906 -6.21094 -6.13281 -6.05469 -5.97656 -5.89844 -5.82031 -5.74219 -5.66406 -5.58594 -5.50781 -5.42969 -5.35156 -5.27344 -5.19531 -5.11719 -5.03906 -4.96094 -4.88281 -4.80469 -4.72656 -4.64844 -4.57031 -4.49219 -4.41406 -4.33594 -4.25781 -4.17969 -4.10156 -4.02344 -3.94531 -3.86719 -3.78906 -3.71094 -3.63281 -3.55469 -3.47656 -3.39844 -3.32031 -3.24219 -3.16406 -3.08594 -3.00781 -2.92969 -2.85156 -2.77344 -2.69531 -2.61719 -2.53906 -2.46094 -2.38281 -2.30469 -2.22656 -2.14844 -2.07031 -1.99219 -1.91406 -1.83594 -1.75781 -1.67969 -1.60156 -1.52344 -1.44531 -1.36719 -1.28906 -1.21094 -1.13281 -1.05469 -0.976562 -0.898438 -0.820312 -0.742188 -0.664062 -0.585938 -0.507812 -0.429688 -0.351562 -0.273438 -0.195312 -0.117188 -0.0390625 0.0390625 0.117188 0.195312 0.273438 0.351562 0.429688 0.507812 0.585938 0.664062 0.742188 0.820312 0.898438 0.976562 1.05469 1.13281 1.21094 1.28906 1.36719 1.44531 1.52344 1.60156 1.67969 1.75781 1.83594 1.91406 1.99219 2.07031 2.14844 2.22656 2.30469 2.38281 2.46094 2.53906 2.61719 2.69531 2.77344 2.85156 2.92969 3.00781 3.08594 3.16406 3.24219 3.32031 3.39844 3.47656 3.55469 3.63281 3.71094 3.78906 3.86719 3.94531 4.02344 4.10156 4.17969 4.25781 4.33594 4.41406 4.49219 4.57031 4.64844 4.72656 4.80469 4.88281 4.96094 5.03906 5.11719 5.19531 5.27344 5.35156 5.42969 5.50781 5.58594 5.66406 5.74219 5.82031 5.89844 5.97656 6.05469 6.13281 6.21094 6.28906 6.36719 6.44531 6.52344 6.60156 6.67969 6.75781 6.83594 6.91406 6.99219 7.07031 7.14844 7.22656 7.30469 7.38281 7.46094 7.53906 7.61719 7.69531 7.77344 7.85156 7.92969 8.00781 8.08594 8.16406 8.24219 8.32031 8.39844 8.47656 8.55469 8.63281 8.71094 8.78906 8.86719 8.94531 9.02344 9.10156 9.17969 9.25781 9.33594 9.41406 9.49219 9.57031 9.64844 9.72656 9.80469 9.88281 
AP 13 115 1
AP 13 116 1
AP 13 117 1
AP 13 118 1
AP 13 119 1
AP 13 120 1
AP 13 121 1
AP 13 122 1
AP 13 123 1
AP 13 124 1
AP 13 125 1
AP 13 126 1
AP 13 127 1
AP 13 128 1
AP 13 129 1
AP 13 130 1
AP 13 131 1
AP 13 132 1
AP 13 133 1
AP 13 134 1
AP 13 135 1
AP 13 136 1
AP 13 137 1
AP 13 138 1
AP 13 139 1
AP 13 140 1
AP 14 108 1
AP 14 109 1
AP 14 110 1
AP 14 111 1
AP 14 112 1
AP 14 113 1
AP 14 114 1
AP 14 115 1
AP 14 116 1
AP 14 117 1
AP 14 118 1
AP 14 119 1
AP 14 120 1
AP 14 121 1
AP 14 122 1
AP 14 123 1
AP 14 124 1
AP 14 125 1
AP 14 126 1
AP 14 127 1
AP 14 128 1
AP 14 129 1
AP 14 130 1
AP 14 131 1
AP 14 132 1
AP 14 133 1
AP 14 134 1
AP 14 135 1
AP 14 136 1
AP 14 137 1
AP 14 138 1
AP 14 139 1
AP 14 140 1
AP 14 141 1
AP 14 142 1
AP 14 143 1
AP 14 144 1
AP 14 145 1
AP 14 146 1
AP 14 147 1
AP 15 103 1
AP 15 104 1
AP 15 105 1
AP 15 106 1
AP 15 107 1
AP 15 108 1
AP 15 109 1
AP 15 110 1
AP 15 111 1
AP 15 112 1
AP 15 113 1
AP 15 114 1
AP 15 115 1
AP 15 116 1
AP 15 117 1
AP 15 118 1
AP 15 119 1
AP 15 120 1
AP 15 121 1
AP 15 122 1
AP 15 123 1
AP 15 124 1
AP 15 125 1
AP 15 126 1
AP 15 127 1
AP 15 128 1
AP 15 129 1
AP 15 130 1
AP 15 131 1
AP 15 132 1
AP 15 133 1
AP 15 134 1
AP 15 135 1
AP 15 136 1
AP 15 137 1
AP 15 138 1
AP 15 139 1
AP 15 140 1
AP 15 141 1
AP 15 142 1
AP 15 143 1
AP 15 144 1
AP 15 145 1
AP 15 146 1
AP 15 147 1
AP 15 148 1
AP 15 149 1
AP 15 150 1
AP 15 151 1
AP 15 152 1
AP 16 99 1
AP 16 100 1
AP 16 101 1
AP 16 102 1
AP 16 103 1
AP 16 104 1
AP 16 105 1
AP 16 106 1
AP 16 107 1
AP 16 108 1
AP 16 109 1
AP 16 110 1
AP 16 111 1
AP 16 112 1
AP 16 113 1
AP 16 114 1
AP 16 115 1
AP 16 116 1
AP 16 117 1
AP 16 118 1
AP 16 119 1
AP 16 120 1
AP 16 121 1
AP 16 122 1
AP 16 123 1
AP 16 124 1
AP 16 125 1
AP 16 126 1
AP 16 127 1
AP 16 128 1
AP 16 129 1
AP 16 130 1
AP 16 131 1
AP 16 132 1
AP 16 133 1
AP 16 134 1
AP 16 135 1
AP 16 136 1
AP 16 137 1
AP 16 138 1
AP 16 139 1
AP 16 140 1
AP 16 141 1
AP 16 142 1
AP 16 143 1
AP 16 144 1
AP 16 145 1
AP 16 146 1
AP 16 147 1
AP 16 148 1
AP 16 149 1
AP 16 150 1
AP 16 151 1
AP 16 152 1
AP 16 153 1
AP 16 154 1
AP 16 155 1
AP 16 156 1
AP 17 95 1
AP 17 96 1
AP 17 97 1
AP 17 98 1
AP 17 99 1
AP 17 100 1
AP 17 101 1
AP 17 102 1
AP 17 103 1
AP 17 104 1
AP 17 105 1
AP 17 106 1
AP 17 107 1
AP 17 108 1
AP 17 109 1
AP 17 110 1
AP 17 111 1
AP 17 112 1
AP 17 113 1
AP 17 114 1
AP 17 115 1
AP 17 116 1
AP 17 117 1
AP 17 118 1
AP 17 119 1
AP 17 120 1
AP 17 121 1
AP 17 122 1
AP 17 123 1
AP 17 124 1
AP 17 125 1
AP 17 126 1
AP 17 127 1
AP 17 128 1
AP 17 129 1
AP 17 130 1
AP 17 131 1
AP 17 132 1
AP 17 133 1
AP 17 134 1
AP 17 135 1
AP 17 136 1
AP 17 137 1
AP 17 138 1
AP 17 139 1
AP 17 140 1
AP 17 141 1
AP 17 142 1
AP 17 143 1
AP 17 144 1
AP 17 145 1
AP 17 146 1
AP 17 147 1
AP 17 148 1
AP 17 149 1
AP 17 150 1
AP 17 151 1
AP 17 152 1
AP 17 153 1
AP 17 154 1
AP 17 155 1
AP 17 156 1
AP 17 157 1
AP 17 158 1
AP 17 159 1
AP 17 160 1
AP 18 92 1
AP 18 93 1
AP 18 94 1
AP 18 95 1
AP 18 96 1
AP 18 97 1
AP 18 98 1
AP 18 99 1
AP 18 100 1
AP 18 101 1
AP 18 102 1
AP 18 103 1
AP 18 104 1
AP 18 105 1
AP 18 106 1
AP 18 107 1
AP 18 108 1
AP 18 109 1
AP 18 110 1
AP 18 111 1
AP 18 112 1
AP 18 113 1
AP 18 114 1
AP 18 115 1
AP 18 116 1
AP 18 117 1
AP 18 118 1
AP 18 119 1
AP 18 120 1
AP 18 121 1
AP 18 122 1
AP 18 123 1
AP 18 124 1
AP 18 125 1
AP 18 126 1
AP 18 127 1
AP 18 128 1
AP 18 129 1
AP 18 130 1
AP 18 131 1
AP 18 132 1
AP 18 133 1
AP 18 134 1
AP 18 135 1
AP 18 136 1
AP 18 137 1
AP 18 138 1
AP 18 139 1
AP 18 140 1
AP 18 141 1
AP 18 142 1
AP 18 143 1
AP 18 144 1
AP 18 145 1
AP 18 146 1
AP 18 147 1
AP 18 148 1
AP 18 149 1
AP 18 150 1
AP 18 151 1
AP 18 152 1
AP 18 153 1
AP 18 154 1
AP 18 155 1
AP 18 156 1
AP 18 157 1
AP 18 158 1
AP 18 159 1
AP 18 160 1
AP 18 161 1
AP 18 162 1
AP 18 163 1
AP 19 89 1
AP 19 90 1
AP 19 91 1
AP 19 92 1
AP 19 93 1
AP 19 94 1
AP 19 95 1
AP 19 96 1
AP 19 97 1
AP 19 98 1
AP 19 99 1
AP 19 100 1
AP 19 101 1
AP 19 102 1
AP 19 103 1
AP 19 104 1
AP 19 105 1
AP 19 106 1
AP 19 107 1
AP 19 108 1
AP 19 109 1
AP 19 110 1
AP 19 111 1
AP 19 112 1
AP 19 113 1
AP 19 114 1
AP 19 115 1
AP 19 116 1
AP 19 117 1
AP 19 118 1
AP 19 119 1
AP 19 136 1
AP 19 137 1
AP 19 138 1
AP 19 139 1
AP 19 140 1
AP 19 141 1
AP 19 142 1
AP 19 143 1
AP 19 144 1
AP 19 145 1
AP 19 146 1
AP 19 147 1
AP 19 148 1
AP 19 149 1
AP 19 150 1
AP 19 151 1
AP 19 152 1
AP 19 153 1
AP 19 154 1
AP 19 155 1
AP 19 156 1
AP 19 157 1
AP 19 158 1
AP 19 159 1
AP 19 160 1
AP 19 161 1
AP 19 162 1
AP 19 163 1
AP 19 164 1
AP 19 165 1
AP 19 166 1
AP 20 87 1
AP 20 88 1
AP 20 89 1
AP 20 90 1
AP 20 91 1
AP 20 92 1
AP 20 93 1
AP 20 94 1
AP 20 95 1
AP 20 96 1
AP 20 97 1
AP 20 98 1
AP 20 99 1
AP 20 100 1
AP 20 101 1
AP 20 102 1
AP 20 103 1
AP 20 104 1
AP 20 105 1
AP 20 106 1
AP 20 107 1
AP 20 108 1
AP 20 109 1
AP 20 110 1
AP 20 145 1
AP 20 146 1
AP 20 147 1
AP 20 148 1
AP 20 149 1
AP 20 150 1
AP 20 151 1
AP 20 152 1
AP 20 153 1
AP 20 154 1
AP 20 155 1
AP 20 156 1
AP 20 157 1
AP 20 158 1
AP 20 159 1
AP 20 160 1
AP 20 161 1
AP 20 162 1
AP 20 163 1
AP 20 164 1
AP 20 165 1
AP 20 166 1
AP 20 167 1
AP 20 168 1
AP 21 84 1
AP 21 85 1
AP 21 86 1
AP 21 87 1
AP 21 88 1
AP 21 89 1
AP 21 90 1
AP 21 91 1
AP 21 92 1
AP 21 93 1
AP 21 94 1
AP 21 95 1
AP 21 96 1
AP 21 97 1
AP 21 98 1
AP 21 99 1
AP 21 100 1
AP 21 101 1
AP 21 102 1
AP 21 103 1
AP 21 104 1
AP 21 105 1
AP 21 150 1
AP 21 151 1
AP 21 152 1
AP 21 153 1
AP 21 154 1
AP 21 155 1
AP 21 156 1
AP 21 157 1
AP 21 158 1
AP 21 159 1
AP 21 160 1
AP 21 161 1
AP 21 162 1
AP 21 163 1
AP 21 164 1
AP 21 165 1
AP 21 166 1
AP 21 167 1
AP 21 168 1
AP 21 169 1
AP 21 170 1
AP 21 171 1
AP 22 82 1
AP 22 83 1
AP 22 84 1
AP 22 85 1
AP 22 86 1
AP 22 87 1
AP 22 88 1
AP 22 89 1
AP 22 90 1
AP 22 91 1
AP 22 92 1
AP 22 93 1
AP 22 94 1
AP 22 95 1
AP 22 96 1
AP 22 97 1
AP 22 98 1
AP 22 99 1
AP 22 100 1
AP 22 155 1
AP 22 156 1
AP 22 157 1
AP 22 158 1
AP 22 159 1
AP 22 160 1
AP 22 161 1
AP 22 162 1
AP 22 163 1
AP 22 164 1
AP 22 165 1
AP 22 166 1
AP 22 167 1
AP 22 168 1
AP 22 169 1
AP 22 170 1
AP 22 171 1
AP 22 172 1
AP 22 173 1
AP 23 80 1
AP 23 81 1
AP 23 82 1
AP 23 83 1
AP 23 84 1
AP 23 85 1
AP 23 86 1
AP 23 87 1
AP 23 88 1
AP 23 89 1
AP 23 90 1
AP 23 91 1
AP 23 92 1
AP 23 93 1
AP 23 94 1
AP 23 95 1
AP 23 96 1
AP 23 97 1
AP 23 158 1
AP 23 159 1
AP 23 160 1
AP 23 161 1
AP 23 162 1
AP 23 163 1
AP 23 164 1
AP 23 165 1
AP 23 166 1
AP 23 167 1
AP 23 168 1
AP 23 169 1
AP 23 170 1
AP 23 171 1
AP 23 172 1
AP 23 173 1
AP 23 174 1
AP 23 175 1
AP 24 77 1
AP 24 78 1
AP 24 79 1
AP 24 80 1
AP 24 81 1
AP 24 82 1
AP 24 83 1
AP 24 84 1
AP 24 85 1
AP 24 86 1
AP 24 87 1
AP 24 88 1
AP 24 89 1
AP 24 90 1
AP 24 91 1
AP 24 92 1
AP 24 93 1
AP 24 162 1
AP 24 163 1
AP 24 164 1
AP 24 165 1
AP 24 166 1
AP 24 167 1
AP 24 168 1
AP 24 169 1
AP 24 170 1
AP 24 171 1
AP 24 172 1
AP 24 173 1
AP 24 174 1
AP 24 175 1
AP 24 176 1
AP 24 177 1
AP 24 178 1
AP 25 75 1
AP 25 76 1
AP 25 77 1
AP 25 78 1
AP 25 79 1
AP 25 80 1
AP 25 81 1
AP 25 82 1
AP 25 83 1
AP 25 84 1
AP 25 85 1
AP 25 86 1
AP 25 87 1
AP 25 88 1
AP 25 89 1
AP 25 90 1
AP 25 91 1
AP 25 164 1
AP 25 165 1
AP 25 166 1
AP 25 167 1
AP 25 168 1
AP 25 169 1
AP 25 170 1
AP 25 171 1
AP 25 172 1
AP 25 173 1
AP 25 174 1
AP 25 175 1
AP 25 176 1
AP 25 177 1
AP 25 178 1
AP 25 179 1
AP 25 180 1
AP 26 74 1
AP 26 75 1
AP 26 76 1
AP 26 77 1
AP 26 78 1
AP 26 79 1
AP 26 80 1
AP 26 81 1
AP 26 82 1
AP 26 83 1
AP 26 84 1
AP 26 85 1
AP 26 86 1
AP 26 87 1
AP 26 88 1
AP 26 167 1
AP 26 168 1
AP 26 169 1
AP 26 170 1
AP 26 171 1
AP 26 172 1
AP 26 173 1
AP 26 174 1
AP 26 175 1
AP 26 176 1
AP 26 177 1
AP 26 178 1
AP 26 179 1
AP 26 180 1
AP 26 181 1
AP 27 72 1
AP 27 73 1
AP 27 74 1
AP 27 75 1
AP 27 76 1
AP 27 77 1
AP 27 78 1
AP 27 79 1
AP 27 80 1
AP 27 81 1
AP 27 82 1
AP 27 83 1
AP 27 84 1
AP 27 85 1
AP 27 170 1
AP 27 171 1
AP 27 172 1
AP 27 173 1
AP 27 174 1
AP 27 175 1
AP 27 176 1
AP 27 177 1
AP 27 178 1
AP 27 179 1
AP 27 180 1
AP 27 181 1
AP 27 182 1
AP 27 183 1
AP 28 70 1
AP 28 71 1
AP 28 72 1
AP 28 73 1
AP 28 74 1
AP 28 75 1
AP 28 76 1
AP 28 77 1
AP 28 78 1
AP 28 79 1
AP 28 80 1
AP 28 81 1
AP 28 82 1
AP 28 83 1
AP 28 172 1
AP 28 173 1
AP 28 174 1
AP 28 175 1
AP 28 176 1
AP 28 177 1
AP 28 178 1
AP 28 179 1
AP 28 180 1
AP 28 181 1
AP 28 182 1
AP 28 183 1
AP 28 184 1
AP 28 185 1
AP 29 68 1
AP 29 69 1
AP 29 70 1
AP 29 71 1
AP 29 72 1
AP 29 73 1
AP 29 74 1
AP 29 75 1
AP 29 76 1
AP 29 77 1
AP 29 78 1
AP 29 79 1
AP 29 80 1
AP 29 81 1
AP 29 174 1
AP 29 175 1
AP 29 176 1
AP 29 177 1
AP 29 178 1
AP 29 179 1
AP 29 180 1
AP 29 181 1
AP 29 182 1
AP 29 183 1
AP 29 184 1
AP 29 185 1
AP 29 186 1
AP 29 187 1
AP 30 67 1
AP 30 68 1
AP 30 69 1
AP 30 70 1
AP 30 71 1
AP 30 72 1
AP 30 73 1
AP 30 74 1
AP 30 75 1
AP 30 76 1
AP 30 77 1
AP 30 78 1
AP 30 79 1
AP 30 176 1
AP 30 177 1
AP 30 178 1
AP 30 179 1
AP 30 180 1
AP 30 181 1
AP 30 182 1
AP 30 183 1
AP 30 184 1
AP 30 185 1
AP 30 186 1
AP 30 187 1
AP 30 188 1
AP 31 65 1
AP 31 66 1
AP 31 67 1
AP 31 68 1
AP 31 69 1
AP 31 70 1
AP 31 71 1
AP 31 72 1
AP 31 73 1
AP 31 74 1
AP 31 75 1
AP 31 76 1
AP 31 77 1
AP 31 178 1
AP 31 179 1
AP 31 180 1
AP 31 181 1
AP 31 182 1
AP 31 183 1
AP 31 184 1
AP 31 185 1
AP 31 186 1
AP 31 187 1
AP 31 188 1
AP 31 189 1
AP 31 190 1
AP 32 64 1
AP 32 65 1
AP 32 66 1
AP 32 67 1
AP 32 68 1
AP 32 69 1
AP 32 70 1
AP 32 71 1
AP 32 72 1
AP 32 73 1
AP 32 74 1
AP 32 75 1
AP 32 180 1
AP 32 181 1
AP 32 182 1
AP 32 183 1
AP 32 184 1
AP 32 185 1
AP 32 186 1
AP 32 187 1
AP 32 188 1
AP 32 189 1
AP 32 190 1
AP 32 191 1
AP 33 62 1
AP 33 63 1
AP 33 64 1
AP 33 65 1
AP 33 66 1
AP 33 67 1
AP 33 68 1
AP 33 69 1
AP 33 70 1
AP 33 71 1
AP 33 72 1
AP 33 73 1
AP 33 182 1
AP 33 183 1
AP 33 184 1
AP 33 185 1
AP 33 186 1
AP 33 187 1
AP 33 188 1
AP 33 189 1
AP 33 190 1
AP 33 191 1
AP 33 192 1
AP 33 193 1
AP 34 61 1
AP 34 62 1
AP 34 63 1
AP 34 64 1
AP 34 65 1
AP 34 66 1
AP 34 67 1
AP 34 68 1
AP 34 69 1
AP 34 70 1
AP 34 71 1
AP 34 184 1
AP 34 185 1
AP 34 186 1
AP 34 187 1
AP 34 188 1
AP 34 189 1
AP 34 190 1
AP 34 191 1
AP 34 192 1
AP 34 193 1
AP 34 194 1
AP 35 59 1
AP 35 60 1
AP 35 61 1
AP 35 62 1
AP 35 63 1
AP 35 64 1
AP 35 65 1
AP 35 66 1
AP 35 67 1
AP 35 68 1
AP 35 69 1
AP 35 70 1
AP 35 185 1
AP 35 186 1
AP 35 187 1
AP 35 188 1
AP 35 189 1
AP 35 190 1
AP 35 191 1
AP 35 192 1
AP 35 193 1
AP 35 194 1
AP 35 195 1
AP 35 196 1
AP 36 58 1
AP 36 59 1
AP 36 60 1
AP 36 61 1
AP 36 62 1
AP 36 63 1
AP 36 64 1
AP 36 65 1
AP 36 66 1
AP 36 67 1
AP 36 68 1
AP 36 187 1
AP 36 188 1
AP 36 189 1
AP 36 190 1
AP 36 191 1
AP 36 192 1
AP 36 193 1
AP 36 194 1
AP 36 195 1
AP 36 196 1
AP 36 197 1
AP 37 57 1
AP 37 58 1
AP 37 59 1
AP 37 60 1
AP 37 61 1
AP 37 62 1
AP 37 63 1
AP 37 64 1
AP 37 65 1
AP 37 66 1
AP 37 67 1
AP 37 188 1
AP 37 189 1
AP 37 190 1
AP 37 191 1
AP 37 192 1
AP 37 193 1
AP 37 194 1
AP 37 195 1
AP 37 196 1
AP 37 197 1
AP 37 198 1
AP 38 55 1
AP 38 56 1
AP 38 57 1
AP 38 58 1
AP 38 59 1
AP 38 60 1
AP 38 61 1
AP 38 62 1
AP 38 63 1
AP 38 64 1
AP 38 65 1
AP 38 190 1
AP 38 191 1
AP 38 192 1
AP 38 193 1
AP 38 194 1
AP 38 195 1
AP 38 196 1
AP 38 197 1
AP 38 198 1
AP 38 199 1
AP 38 200 1
AP 39 54 1
AP 39 55 1
AP 39 56 1
AP 39 57 1
AP 39 58 1
AP 39 59 1
AP 39 60 1
AP 39 61 1
AP 39 62 1
AP 39 63 1
AP 39 64 1
AP 39 191 1
AP 39 192 1
AP 39 193 1
AP 39 194 1
AP 39 195 1
AP 39 196 1
AP 39 197 1
AP 39 198 1
AP 39 199 1
AP 39 200 1
AP 39 201 1
AP 40 53 1
AP 40 54 1
AP 40 55 1
AP 40 56 1
AP 40 57 1
AP 40 58 1
AP 40 59 1
AP 40 60 1
AP 40 61 1
AP 40 62 1
AP 40 193 1
AP 40 194 1
AP 40 195 1
AP 40 196 1
AP 40 197 1
AP 40 198 1
AP 40 199 1
AP 40 200 1
AP 40 201 1
AP 40 202 1
AP 41 52 1
AP 41 53 1
AP 41 54 1
AP 41 55 1
AP 41 56 1
AP 41 57 1
AP 41 58 1
AP 41 59 1
AP 41 60 1
AP 41 61 1
AP 41 194 1
AP 41 195 1
AP 41 196 1
AP 41 197 1
AP 41 198 1
AP 41 199 1
AP 41 200 1
AP 41 201 1
AP 41 202 1
AP 41 203 1
AP 42 51 1
AP 42 52 1
AP 42 53 1
AP 42 54 1
AP 42 55 1
AP 42 56 1
AP 42 57 1
AP 42 58 1
AP 42 59 1
AP 42 60 1
AP 42 195 1
AP 42 196 1
AP 42 197 1
AP 42 198 1
AP 42 199 1
AP 42 200 1
AP 42 201 1
AP 42 202 1
AP 42 203 1
AP 42 204 1
AP 43 50 1
AP 43 51 1
AP 43 52 1
AP 43 53 1
AP 43 54 1
AP 43 55 1
AP 43 56 1
AP 43 57 1
AP 43 58 1
AP 43 197 1
AP 43 198 1
AP 43 199 1
AP 43 200 1
AP 43 201 1
AP 43 202 1
AP 43 203 1
AP 43 204 1
AP 43 205 1
AP 44 49 1
AP 44 50 1
AP 44 51 1
AP 44 52 1
AP 44 53 1
AP 44 54 1
AP 44 55 1
AP 44 56 1
AP 44 57 1
AP 44 198 1
AP 44 199 1
AP 44 200 1
AP 44 201 1
AP 44 202 1
AP 44 203 1
AP 44 204 1
AP 44 205 1
AP 44 206 1
AP 45 48 1
AP 45 49 1
AP 45 50 1
AP 45 51 1
AP 45 52 1
AP 45 53 1
AP 45 54 1
AP 45 55 1
AP 45 56 1
AP 45 199 1
AP 45 200 1
AP 45 201 1
AP 45 202 1
AP 45 203 1
AP 45 204 1
AP 45 205 1
AP 45 206 1
AP 45 207 1
AP 46 47 1
AP 46 48 1
AP 46 49 1
AP 46 50 1
AP 46 51 1
AP 46 52 1
AP 46 53 1
AP 46 54 1
AP 46 55 1
AP 46 200 1
AP 46 201 1
AP 46 202 1
AP 46 203 1
AP 46 204 1
AP 46 205 1
AP 46 206 1
AP 46 207 1
AP 46 208 1
AP 47 46 1
AP 47 47 1
AP 47 48 1
AP 47 49 1
AP 47 50 1
AP 47 51 1
AP 47 52 1
AP 47 53 1
AP 47 54 1
AP 47 201 1
AP 47 202 1
AP 47 203 1
AP 47 204 1
AP 47 205 1
AP 47 206 1
AP 47 207 1
AP 47 208 1
AP 47 209 1
AP 48 45 1
AP 48 46 1
AP 48 47 1
AP 48 48 1
AP 48 49 1
AP 48 50 1
AP 48 51 1
AP 48 52 1
AP 48 53 1
AP 48 202 1
AP 48 203 1
AP 48 204 1
AP 48 205 1
AP 48 206 1
AP 48 207 1
AP 48 208 1
AP 48 209 1
AP 48 210 1
AP 49 44 1
AP 49 45 1
AP 49 46 1
AP 49 47 1
AP 49 48 1
AP 49 49 1
AP 49 50 1
AP 49 51 1
AP 49 52 1
AP 49 203 1
AP 49 204 1
AP 49 205 1
AP 49 206 1
AP 49 207 1
AP 49 208 1
AP 49 209 1
AP 49 210 1
AP 49 211 1
AP 50 43 1
AP 50 44 1
AP 50 45 1
AP 50 46 1
AP 50 47 1
AP 50 48 1
AP 50 49 1
AP 50 50 1
AP 50 51 1
AP 50 204 1
AP 50 205 1
AP 50 206 1
AP 50 207 1
AP 50 208 1
AP 50 209 1
AP 50 210 1
AP 50 211 1
AP 50 212 1
AP 51 42 1
AP 51 43 1
AP 51 44 1
AP 51 45 1
AP 51 46 1
AP 51 47 1
AP 51 48 1
AP 51 49 1
AP 51 50 1
AP 51 205 1
AP 51 206 1
AP 51 207 1
AP 51 208 1
AP 51 209 1
AP 51 210 1
AP 51 211 1
AP 51 212 1
AP 51 213 1
AP 52 41 1
AP 52 42 1
AP 52 43 1
AP 52 44 1
AP 52 45 1
AP 52 46 1
AP 52 47 1
AP 52 48 1
AP 52 49 1
AP 52 206 1
AP 52 207 1
AP 52 208 1
AP 52 209 1
AP 52 210 1
AP 52 211 1
AP 52 212 1
AP 52 213 1
AP 52 214 1
AP 53 40 1
AP 53 41 1
AP 53 42 1
AP 53 43 1
AP 53 44 1
AP 53 45 1
AP 53 46 1
AP 53 47 1
AP 53 48 1
AP 53 207 1
AP 53 208 1
AP 53 209 1
AP 53 210 1
AP 53 211 1
AP 53 212 1
AP 53 213 1
AP 53 214 1
AP 53 215 1
AP 54 39 1
AP 54 40 1
AP 54 41 1
AP 54 42 1
AP 54 43 1
AP 54 44 1
AP 54 45 1
AP 54 46 1
AP 54 47 1
AP 54 208 1
AP 54 209 1
AP 54 210 1
AP 54 211 1
AP 54 212 1
AP 54 213 1
AP 54 214 1
AP 54 215 1
AP 54 216 1
AP 55 38 1
AP 55 39 1
AP 55 40 1
AP 55 41 1
AP 55 42 1
AP 55 43 1
AP 55 44 1
AP 55 45 1
AP 55 46 1
AP 55 209 1
AP 55 210 1
AP 55 211 1
AP 55 212 1
AP 55 213 1
AP 55 214 1
AP 55 215 1
AP 55 216 1
AP 55 217 1
AP 56 38 1
AP 56 39 1
AP 56 40 1
AP 56 41 1
AP 56 42 1
AP 56 43 1
AP 56 44 1
AP 56 45 1
AP 56 210 1
AP 56 211 1
AP 56 212 1
AP 56 213 1
AP 56 214 1
AP 56 215 1
AP 56 216 1
AP 56 217 1
AP 57 37 1
AP 57 38 1
AP 57 39 1
AP 57 40 1
AP 57 41 1
AP 57 42 1
AP 57 43 1
AP 57 44 1
AP 57 211 1
AP 57 212 1
AP 57 213 1
AP 57 214 1
AP 57 215 1
AP 57 216 1
AP 57 217 1
AP 57 218 1
AP 58 36 1
AP 58 37 1
AP 58 38 1
AP 58 39 1
AP 58 40 1
AP 58 41 1
AP 58 42 1
AP 58 43 1
AP 58 212 1
AP 58 213 1
AP 58 214 1
AP 58 215 1
AP 58 216 1
AP 58 217 1
AP 58 218 1
AP 58 219 1
AP 59 35 1
AP 59 36 1
AP 59 37 1
AP 59 38 1
AP 59 39 1
AP 59 40 1
AP 59 41 1
AP 59 42 1
AP 59 213 1
AP 59 214 1
AP 59 215 1
AP 59 216 1
AP 59 217 1
AP 59 218 1
AP 59 219 1
AP 59 220 1
AP 60 35 1
AP 60 36 1
AP 60 37 1
AP 60 38 1
AP 60 39 1
AP 60 40 1
AP 60 41 1
AP 60 42 1
AP 60 213 1
AP 60 214 1
AP 60 215 1
AP 60 216 1
AP 60 217 1
AP 60 218 1
AP 60 219 1
AP 60 220 1
AP 61 34 1
AP 61 35 1
AP 61 36 1
AP 61 37 1
AP 61 38 1
AP 61 39 1
AP 61 40 1
AP 61 41 1
AP 61 214 1
AP 61 215 1
AP 61 216 1
AP 61 217 1
AP 61 218 1
AP 61 219 1
AP 61 220 1
AP 61 221 1
AP 62 33 1
AP 62 34 1
AP 62 35 1
AP 62 36 1
AP 62 37 1
AP 62 38 1
AP 62 39 1
AP 62 40 1
AP 62 215 1
AP 62 216 1
AP 62 217 1
AP 62 218 1
AP 62 219 1
AP 62 220 1
AP 62 221 1
AP 62 222 1
AP 63 33 1
AP 63 34 1
AP 63 35 1
AP 63 36 1
AP 63 37 1
AP 63 38 1
AP 63 39 1
AP 63 216 1
AP 63 217 1
AP 63 218 1
AP 63 219 1
AP 63 220 1
AP 63 221 1
AP 63 222 1
AP 64 32 1
AP 64 33 1
AP 64 34 1
AP 64 35 1
AP 64 36 1
AP 64 37 1
AP 64 38 1
AP 64 39 1
AP 64 216 1
AP 64 217 1
AP 64 218 1
AP 64 219 1
AP 64 220 1
AP 64 221 1
AP 64 222 1
AP 64 223 1
AP 65 31 1
AP 65 32 1
AP 65 33 1
AP 65 34 1
AP 65 35 1
AP 65 36 1
AP 65 37 1
AP 65 38 1
AP 65 217 1
AP 65 218 1
AP 65 219 1
AP 65 220 1
AP 65 221 1
AP 65 222 1
AP 65 223 1
AP 65 224 1
AP 66 31 1
AP 66 32 1
AP 66 33 1
AP 66 34 1
AP 66 35 1
AP 66 36 1
AP 66 37 1
AP 66 218 1
AP 66 219 1
AP 66 220 1
AP 66 221 1
AP 66 222 1
AP 66 223 1
AP 66 224 1
AP 67 30 1
AP 67 31 1
AP 67 32 1
AP 67 33 1
AP 67 34 1
AP 67 35 1
AP 67 36 1
AP 67 37 1
AP 67 218 1
AP 67 219 1
AP 67 220 1
AP 67 221 1
AP 67 222 1
AP 67 223 1
AP 67 224 1
AP 67 225 1
AP 68 29 1
AP 68 30 1
AP 68 31 1
AP 68 32 1
AP 68 33 1
AP 68 34 1
AP 68 35 1
AP 68 36 1
AP 68 219 1
AP 68 220 1
AP 68 221 1
AP 68 222 1
AP 68 223 1
AP 68 224 1
AP 68 225 1
AP 68 226 1
AP 69 29 1
AP 69 30 1
AP 69 31 1
AP 69 32 1
AP 69 33 1
AP 69 34 1
AP 69 35 1
AP 69 220 1
AP 69 221 1
AP 69 222 1
AP 69 223 1
AP 69 224 1
AP 69 225 1
AP 69 226 1
AP 70 28 1
AP 70 29 1
AP 70 30 1
AP 70 31 1
AP 70 32 1
AP 70 33 1
AP 70 34 1
AP 70 35 1
AP 70 220 1
AP 70 221 1
AP 70 222 1
AP 70 223 1
AP 70 224 1
AP 70 225 1
AP 70 226 1
AP 70 227 1
AP 71 28 1
AP 71 29 1
AP 71 30 1
AP 71 31 1
AP 71 32 1
AP 71 33 1
AP 71 34 1
AP 71 221 1
AP 71 222 1
AP 71 223 1
AP 71 224 1
AP 71 225 1
AP 71 226 1
AP 71 227 1
AP 72 27 1
AP 72 28 1
AP 72 29 1
AP 72 30 1
AP 72 31 1
AP 72 32 1
AP 72 33 1
AP 72 222 1
AP 72 223 1
AP 72 224 1
AP 72 225 1
AP 72 226 1
AP 72 227 1
AP 72 228 1
AP 73 27 1
AP 73 28 1
AP 73 29 1
AP 73 30 1
AP 73 31 1
AP 73 32 1
AP 73 33 1
AP 73 222 1
AP 73 223 1
AP 73 224 1
AP 73 225 1
AP 73 226 1
AP 73 227 1
AP 73 228 1
AP 74 26 1
AP 74 27 1
AP 74 28 1
AP 74 29 1
AP 74 30 1
AP 74 31 1
AP 74 32 1
AP 74 223 1
AP 74 224 1
AP 74 225 1
AP 74 226 1
AP 74 227 1
AP 74 228 1
AP 74 229 1
AP 75 25 1
AP 75 26 1
AP 75 27 1
AP 75 28 1
AP 75 29 1
AP 75 30 1
AP 75 31 1
AP 75 32 1
AP 75 223 1
AP 75 224 1
AP 75 225 1
AP 75 226 1
AP 75 227 1
AP 75 228 1
AP 75 229 1
AP 75 230 1
AP 76 25 1
AP 76 26 1
AP 76 27 1
AP 76 28 1
AP 76 29 1
AP 76 30 1
AP 76 31 1
AP 76 224 1
AP 76 225 1
AP 76 226 1
AP 76 227 1
AP 76 228 1
AP 76 229 1
AP 76 230 1
AP 77 24 1
AP 77 25 1
AP 77 26 1
AP 77 27 1
AP 77 28 1
AP 77 29 1
AP 77 30 1
AP 77 31 1
AP 77 224 1
AP 77 225 1
AP 77 226 1
AP 77 227 1
AP 77 228 1
AP 77 229 1
AP 77 230 1
AP 77 231 1
AP 78 24 1
AP 78 25 1
AP 78 26 1
AP 78 27 1
AP 78 28 1
AP 78 29 1
AP 78 30 1
AP 78 225 1
AP 78 226 1
AP 78 227 1
AP 78 228 1
AP 78 229 1
AP 78 230 1
AP 78 231 1
AP 79 24 1
AP 79 25 1
AP 79 26 1
AP 79 27 1
AP 79 28 1
AP 79 29 1
AP 79 30 1
AP 79 225 1
AP 79 226 1
AP 79 227 1
AP 79 228 1
AP 79 229 1
AP 79 230 1
AP 79 231 1
AP 80 23 1
AP 80 24 1
AP 80 25 1
AP 80 26 1
AP 80 27 1
AP 80 28 1
AP 80 29 1
AP 80 226 1
AP 80 227 1
AP 80 228 1
AP 80 229 1
AP 80 230 1
AP 80 231 1
AP 80 232 1
AP 81 23 1
AP 81 24 1
AP 81 25 1
AP 81 26 1
AP 81 27 1
AP 81 28 1
AP 81 29 1
AP 81 226 1
AP 81 227 1
AP 81 228 1
AP 81 229 1
AP 81 230 1
AP 81 231 1
AP 81 232 1
AP 82 22 1
AP 82 23 1
AP 82 24 1
AP 82 25 1
AP 82 26 1
AP 82 27 1
AP 82 28 1
AP 82 227 1
AP 82 228 1
AP 82 229 1
AP 82 230 1
AP 82 231 1
AP 82 232 1
AP 82 233 1
AP 83 22 1
AP 83 23 1
AP 83 24 1
AP 83 25 1
AP 83 26 1
AP 83 27 1
AP 83 28 1
AP 83 227 1
AP 83 228 1
AP 83 229 1
AP 83 230 1
AP 83 231 1
AP 83 232 1
AP 83 233 1
AP 84 21 1
AP 84 22 1
AP 84 23 1
AP 84 24 1
AP 84 25 1
AP 84 26 1
AP 84 27 1
AP 84 228 1
AP 84 229 1
AP 84 230 1
AP 84 231 1
AP 84 232 1
AP 84 233 1
AP 84 234 1
AP 85 21 1
AP 85 22 1
AP 85 23 1
AP 85 24 1
AP 85 25 1
AP 85 26 1
AP 85 27 1
AP 85 228 1
AP 85 229 1
AP 85 230 1
AP 85 231 1
AP 85 232 1
AP 85 233 1
AP 85 234 1
AP 86 21 1
AP 86 22 1
AP 86 23 1
AP 86 24 1
AP 86 25 1
AP 86 26 1
AP 86 229 1
AP 86 230 1
AP 86 231 1
AP 86 232 1
AP 86 233 1
AP 86 234 1
AP 87 20 1
AP 87 21 1
AP 87 22 1
AP 87 23 1
AP 87 24 1
AP 87 25 1
AP 87 26 1
AP 87 229 1
AP 87 230 1
AP 87 231 1
AP 87 232 1
AP 87 233 1
AP 87 234 1
AP 87 235 1
AP 88 20 1
AP 88 21 1
AP 88 22 1
AP 88 23 1
AP 88 24 1
AP 88 25 1
AP 88 26 1
AP 88 229 1
AP 88 230 1
AP 88 231 1
AP 88 232 1
AP 88 233 1
AP 88 234 1
AP 88 235 1
AP 89 19 1
AP 89 20 1
AP 89 21 1
AP 89 22 1
AP 89 23 1
AP 89 24 1
AP 89 25 1
AP 89 230 1
AP 89 231 1
AP 89 232 1
AP 89 233 1
AP 89 234 1
AP 89 235 1
AP 89 236 1
AP 90 19 1
AP 90 20 1
AP 90 21 1
AP 90 22 1
AP 90 23 1
AP 90 24 1
AP 90 25 1
AP 90 230 1
AP 90 231 1
AP 90 232 1
AP 90 233 1
AP 90 234 1
AP 90 235 1
AP 90 236 1
AP 91 19 1
AP 91 20 1
AP 91 21 1
AP 91 22 1
AP 91 23 1
AP 91 24 1
AP 91 25 1
AP 91 230 1
AP 91 231 1
AP 91 232 1
AP 91 233 1
AP 91 234 1
AP 91 235 1
AP 91 236 1
AP 92 18 1
AP 92 19 1
AP 92 20 1
AP 92 21 1
AP 92 22 1
AP 92 23 1
AP 92 24 1
AP 92 231 1
AP 92 232 1
AP 92 233 1
AP 92 234 1
AP 92 235 1
AP 92 236 1
AP 92 237 1
AP 93 18 1
AP 93 19 1
AP 93 20 1
AP 93 21 1
AP 93 22 1
AP 93 23 1
AP 93 24 1
AP 93 231 1
AP 93 232 1
AP 93 233 1
AP 93 234 1
AP 93 235 1
AP 93 236 1
AP 93 237 1
AP 94 18 1
AP 94 19 1
AP 94 20 1
AP 94 21 1
AP 94 22 1
AP 94 23 1
AP 94 232 1
AP 94 233 1
AP 94 234 1
AP 94 235 1
AP 94 236 1
AP 94 237 1
AP 95 17 1
AP 95 18 1
AP 95 19 1
AP 95 20 1
AP 95 21 1
AP 95 22 1
AP 95 23 1
AP 95 232 1
AP 95 233 1
AP 95 234 1
AP 95 235 1
AP 95 236 1
AP 95 237 1
AP 95 238 1
AP 96 17 1
AP 96 18 1
AP 96 19 1
AP 96 20 1
AP 96 21 1
AP 96 22 1
AP 96 23 1
AP 96 232 1
AP 96 233 1
AP 96 234 1
AP 96 235 1
AP 96 236 1
AP 96 237 1
AP 96 238 1
AP 97 17 1
AP 97 18 1
AP 97 19 1
AP 97 20 1
AP 97 21 1
AP 97 22 1
AP 97 23 1
AP 97 232 1
AP 97 233 1
AP 97 234 1
AP 97 235 1
AP 97 236 1
AP 97 237 1
AP 97 238 1
AP 98 17 1
AP 98 18 1
AP 98 19 1
AP 98 20 1
AP 98 21 1
AP 98 22 1
AP 98 233 1
AP 98 234 1
AP 98 235 1
AP 98 236 1
AP 98 237 1
AP 98 238 1
AP 99 16 1
AP 99 17 1
AP 99 18 1
AP 99 19 1
AP 99 20 1
AP 99 21 1
AP 99 22 1
AP 99 233 1
AP 99 234 1
AP 99 235 1
AP 99 236 1
AP 99 237 1
AP 99 238 1
AP 99 239 1
AP 100 16 1
AP 100 17 1
AP 100 18 1
AP 100 19 1
AP 100 20 1
AP 100 21 1
AP 100 22 1
AP 100 233 1
AP 100 234 1
AP 100 235 1
AP 100 236 1
AP 100 237 1
AP 100 238 1
AP 100 239 1
AP 101 16 1
AP 101 17 1
AP 101 18 1
AP 101 19 1
AP 101 20 1
AP 101 21 1
AP 101 234 1
AP 101 235 1
AP 101 236 1
AP 101 237 1
AP 101 238 1
AP 101 239 1
AP 102 16 1
AP 102 17 1
AP 102 18 1
AP 102 19 1
AP 102 20 1
AP 102 21 1
AP 102 234 1
AP 102 235 1
AP 102 236 1
AP 102 237 1
AP 102 238 1
AP 102 239 1
AP 103 15 1
AP 103 16 1
AP 103 17 1
AP 103 18 1
AP 103 19 1
AP 103 20 1
AP 103 21 1
AP 103 234 1
AP 103 235 1
AP 103 236 1
AP 103 237 1
AP 103 238 1
AP 103 239 1
AP 103 240 1
AP 104 15 1
AP 104 16 1
AP 104 17 1
AP 104 18 1
AP 104 19 1
AP 104 20 1
AP 104 21 1
AP 104 234 1
AP 104 235 1
AP 104 236 1
AP 104 237 1
AP 104 238 1
AP 104 239 1
AP 104 240 1
AP 105 15 1
AP 105 16 1
AP 105 17 1
AP 105 18 1
AP 105 19 1
AP 105 20 1
AP 105 21 1
AP 105 234 1
AP 105 235 1
AP 105 236 1
AP 105 237 1
AP 105 238 1
AP 105 239 1
AP 105 240 1
AP 106 15 1
AP 106 16 1
AP 106 17 1
AP 106 18 1
AP 106 19 1
AP 106 20 1
AP 106 235 1
AP 106 236 1
AP 106 237 1
AP 106 238 1
AP 106 239 1
AP 106 240 1
AP 107 15 1
AP 107 16 1
AP 107 17 1
AP 107 18 1
AP 107 19 1
AP 107 20 1
AP 107 235 1
AP 107 236 1
AP 107 237 1
AP 107 238 1
AP 107 239 1
AP 107 240 1
AP 108 14 1
AP 108 15 1
AP 108 16 1
AP 108 17 1
AP 108 18 1
AP 108 19 1
AP 108 20 1
AP 108 235 1
AP 108 236 1
AP 108 237 1
AP 108 238 1
AP 108 239 1
AP 108 240 1
AP 108 241 1
AP 109 14 1
AP 109 15 1
AP 109 16 1
AP 109 17 1
AP 109 18 1
AP 109 19 1
AP 109 20 1
AP 109 235 1
AP 109 236 1
AP 109 237 1
AP 109 238 1
AP 109 239 1
AP 109 240 1
AP 109 241 1
AP 110 14 1
AP 110 15 1
AP 110 16 1
AP 110 17 1
AP 110 18 1
AP 110 19 1
AP 110 20 1
AP 110 235 1
AP 110 236 1
AP 110 237 1
AP 110 238 1
AP 110 239 1
AP 110 240 1
AP 110 241 1
AP 111 14 1
AP 111 15 1
AP 111 16 1
AP 111 17 1
AP 111 18 1
AP 111 19 1
AP 111 236 1
AP 111 237 1
AP 111 238 1
AP 111 239 1
AP 111 240 1
AP 111 241 1
AP 112 14 1
AP 112 15 1
AP 112 16 1
AP 112 17 1
AP 112 18 1
AP 112 19 1
AP 112 236 1
AP 112 237 1
AP 112 238 1
AP 112 239 1
AP 112 240 1
AP 112 241 1
AP 113 14 1
AP 113 15 1
AP 113 16 1
AP 113 17 1
AP 113 18 1
AP 113 19 1
AP 113 236 1
AP 113 237 1
AP 113 238 1
AP 113 239 1
AP 113 240 1
AP 113 241 1
AP 114 14 1
AP 114 15 1
AP 114 16 1
AP 114 17 1
AP 114 18 1
AP 114 19 1
AP 114 236 1
AP 114 237 1
AP 114 238 1
AP 114 239 1
AP 114 240 1
AP 114 241 1
AP 115 13 1
AP 115 14 1
AP 115 15 1
AP 115 16 1
AP 115 17 1
AP 115 18 1
AP 115 19 1
AP 115 236 1
AP 115 237 1
AP 115 238 1
AP 115 239 1
AP 115 240 1
AP 115 241 1
AP 115 242 1
AP 116 13 1
AP 116 14 1
AP 116 15 1
AP 116 16 1
AP 116 17 1
AP 116 18 1
AP 116 19 1
AP 116 236 1
AP 116 237 1
AP 116 238 1
AP 116 239 1
AP 116 240 1
AP 116 241 1
AP 116 242 1
AP 117 13 1
AP 117 14 1
AP 117 15 1
AP 117 16 1
AP 117 17 1
AP 117 18 1
AP 117 19 1
AP 117 236 1
AP 117 237 1
AP 117 238 1
AP 117 239 1
AP 117 240 1
AP 117 241 1
AP 117 242 1
AP 118 13 1
AP 118 14 1
AP 118 15 1
AP 118 16 1
AP 118 17 1
AP 118 18 1
AP 118 19 1
AP 118 236 1
AP 118 237 1
AP 118 238 1
AP 118 239 1
AP 118 240 1
AP 118 241 1
AP 118 242 1
AP 119 13 1
AP 119 14 1
AP 119 15 1
AP 119 16 1
AP 119 17 1
AP 119 18 1
AP 119 19 1
AP 119 236 1
AP 119 237 1
AP 119 238 1
AP 119 239 1
AP 119 240 1
AP 119 241 1
AP 119 242 1
AP 120 13 1
AP 120 14 1
AP 120 15 1
AP 120 16 1
AP 120 17 1
AP 120 18 1
AP 120 237 1
AP 120 238 1
AP 120 239 1
AP 120 240 1
AP 120 241 1
AP 120 242 1
AP 121 13 1
AP 121 14 1
AP 121 15 1
AP 121 16 1
AP 121 17 1
AP 121 18 1
AP 121 237 1
AP 121 238 1
AP 121 239 1
AP 121 240 1
AP 121 241 1
AP 121 242 1
AP 122 13 1
AP 122 14 1
AP 122 15 1
AP 122 16 1
AP 122 17 1
AP 122 18 1
AP 122 237 1
AP 122 238 1
AP 122 239 1
AP 122 240 1
AP 122 241 1
AP 122 242 1
AP 123 13 1
AP 123 14 1
AP 123 15 1
AP 123 16 1
AP 123 17 1
AP 123 18 1
AP 123 237 1
AP 123 238 1
AP 123 239 1
AP 123 240 1
AP 123 241 1
AP 123 242 1
AP 124 13 1
AP 124 14 1
AP 124 15 1
AP 124 16 1
AP 124 17 1
AP 124 18 1
AP 124 237 1
AP 124 238 1
AP 124 239 1
AP 124 240 1
AP 124 241 1
AP 124 242 1
AP 125 13 1
AP 125 14 1
AP 125 15 1
AP 125 16 1
AP 125 17 1
AP 125 18 1
AP 125 237 1
AP 125 238 1
AP 125 239 1
AP 125 240 1
AP 125 241 1
AP 125 242 1
AP 126 13 1
AP 126 14 1
AP 126 15 1
AP 126 16 1
AP 126 17 1
AP 126 18 1
AP 126 237 1
AP 126 238 1
AP 126 239 1
AP 126 240 1
AP 126 241 1
AP 126 242 1
AP 127 13 1
AP 127 14 1
AP 127 15 1
AP 127 16 1
AP 127 17 1
AP 127 18 1
AP 127 237 1
AP 127 238 1
AP 127 239 1
AP 127 240 1
AP 127 241 1
AP 127 242 1
AP 128 13 1
AP 128 14 1
AP 128 15 1
AP 128 16 1
AP 128 17 1
AP 128 18 1
AP 128 237 1
AP 128 238 1
AP 128 239 1
AP 128 240 1
AP 128 241 1
AP 128 242 1
AP 129 13 1
AP 129 14 1
AP 129 15 1
AP 129 16 1
AP 129 17 1
AP 129 18 1
AP 129 237 1
AP 129 238 1
AP 129 239 1
AP 129 240 1
AP 129 241 1
AP 129 242 1
AP 130 13 1
AP 130 14 1
AP 130 15 1
AP 130 16 1
AP 130 17 1
AP 130 18 1
AP 130 237 1
AP 130 238 1
AP 130 239 1
AP 130 240 1
AP 130 241 1
AP 130 242 1
AP 131 13 1
AP 131 14 1
AP 131 15 1
AP 131 16 1
AP 131 17 1
AP 131 18 1
AP 131 237 1
AP 131 238 1
AP 131 239 1
AP 131 240 1
AP 131 241 1
AP 131 242 1
AP 132 13 1
AP 132 14 1
AP 132 15 1
AP 132 16 1
AP 132 17 1
AP 132 18 1
AP 132 237 1
AP 132 238 1
AP 132 239 1
AP 132 240 1
AP 132 241 1
AP 132 242 1
AP 133 13 1
AP 133 14 1
AP 133 15 1
AP 133 16 1
AP 133 17 1
AP 133 18 1
AP 133 237 1
AP 133 238 1
AP 133 239 1
AP 133 240 1
AP 133 241 1
AP 133 242 1
AP 134 13 1
AP 134 14 1
AP 134 15 1
AP 134 16 1
AP 134 17 1
AP 134 18 1
AP 134 237 1
AP 134 238 1
AP 134 239 1
AP 134 240 1
AP 134 241 1
AP 134 242 1
AP 135 13 1
AP 135 14 1
AP 135 15 1
AP 135 16 1
AP 135 17 1
AP 135 18 1
AP 135 237 1
AP 135 238 1
AP 135 239 1
AP 135 240 1
AP 135 241 1
AP 135 242 1
AP 136 13 1
AP 136 14 1
AP 136 15 1
AP 136 16 1
AP 136 17 1
AP 136 18 1
AP 136 19 1
AP 136 236 1
AP 136 237 1
AP 136 238 1
AP 136 239 1
AP 136 240 1
AP 136 241 1
AP 136 242 1
AP 137 13 1
AP 137 14 1
AP 137 15 1
AP 137 16 1
AP 137 17 1
AP 137 18 1
AP 137 19 1
AP 137 236 1
AP 137 237 1
AP 137 238 1
AP 137 239 1
AP 137 240 1
AP 137 241 1
AP 137 242 1
AP 138 13 1
AP 138 14 1
AP 138 15 1
AP 138 16 1
AP 138 17 1
AP 138 18 1
AP 138 19 1
AP 138 236 1
AP 138 237 1
AP 138 238 1
AP 138 239 1
AP 138 240 1
AP 138 241 1
AP 138 242 1
AP 139 13 1
AP 139 14 1
AP 139 15 1
AP 139 16 1
AP 139 17 1
AP 139 18 1
AP 139 19 1
AP 139 236 1
AP 139 237 1
AP 139 238 1
AP 139 239 1
AP 139 240 1
AP 139 241 1
AP 139 242 1
AP 140 13 1
AP 140 14 1
AP 140 15 1
AP 140 16 1
AP 140 17 1
AP 140 18 1
AP 140 19 1
AP 140 236 1
AP 140 237 1
AP 140 238 1
AP 140 239 1
AP 140 240 1
AP 140 241 1
AP 140 242 1
AP 141 14 1
AP 141 15 1
AP 141 16 1
AP 141 17 1
AP 141 18 1
AP 141 19 1
AP 141 236 1
AP 141 237 1
AP 141 238 1
AP 141 239 1
AP 141 240 1
AP 141 241 1
AP 142 14 1
AP 142 15 1
AP 142 16 1
AP 142 17 1
AP 142 18 1
AP 142 19 1
AP 142 236 1
AP 142 237 1
AP 142 238 1
AP 142 239 1
AP 142 240 1
AP 142 241 1
AP 143 14 1
AP 143 15 1
AP 143 16 1
AP 143 17 1
AP 143 18 1
AP 143 19 1
AP 143 236 1
AP 143 237 1
AP 143 238 1
AP 143 239 1
AP 143 240 1
AP 143 241 1
AP 144 14 1
AP 144 15 1
AP 144 16 1
AP 144 17 1
AP 144 18 1
AP 144 19 1
AP 144 236 1
AP 144 237 1
AP 144 238 1
AP 144 239 1
AP 144 240 1
AP 144 241 1
AP 145 14 1
AP 145 15 1
AP 145 16 1
AP 145 17 1
AP 145 18 1
AP 145 19 1
AP 145 20 1
AP 145 235 1
AP 145 236 1
AP 145 237 1
AP 145 238 1
AP 145 239 1
AP 145 240 1
AP 145 241 1
AP 146 14 1
AP 146 15 1
AP 146 16 1
AP 146 17 1
AP 146 18 1
AP 146 19 1
AP 146 20 1
AP 146 235 1
AP 146 236 1
AP 146 237 1
AP 146 238 1
AP 146 239 1
AP 146 240 1
AP 146 241 1
AP 147 14 1
AP 147 15 1
AP 147 16 1
AP 147 17 1
AP 147 18 1
AP 147 19 1
AP 147 20 1
AP 147 235 1
AP 147 236 1
AP 147 237 1
AP 147 238 1
AP 147 239 1
AP 147 240 1
AP 147 241 1
AP 148 15 1
AP 148 16 1
AP 148 17 1
AP 148 18 1
AP 148 19 1
AP 148 20 1
AP 148 235 1
AP 148 236 1
AP 148 237 1
AP 148 238 1
AP 148 239 1
AP 148 240 1
AP 149 15 1
AP 149 16 1
AP 149 17 1
AP 149 18 1
AP 149 19 1
AP 149 20 1
AP 149 235 1
AP 149 236 1
AP 149 237 1
AP 149 238 1
AP 149 239 1
AP 149 240 1
AP 150 15 1
AP 150 16 1
AP 150 17 1
AP 150 18 1
AP 150 19 1
AP 150 20 1
AP 150 21 1
AP 150 234 1
AP 150 235 1
AP 150 236 1
AP 150 237 1
AP 150 238 1
AP 150 239 1
AP 150 240 1
AP 151 15 1
AP 151 16 1
AP 151 17 1
AP 151 18 1
AP 151 19 1
AP 151 20 1
AP 151 21 1
AP 151 234 1
AP 151 235 1
AP 151 236 1
AP 151 237 1
AP 151 238 1
AP 151 239 1
AP 151 240 1
AP 152 15 1
AP 152 16 1
AP 152 17 1
AP 152 18 1
AP 152 19 1
AP 152 20 1
AP 152 21 1
AP 152 234 1
AP 152 235 1
AP 152 236 1
AP 152 237 1
AP 152 238 1
AP 152 239 1
AP 152 240 1
AP 153 16 1
AP 153 17 1
AP 153 18 1
AP 153 19 1
AP 153 20 1
AP 153 21 1
AP 153 234 1
AP 153 235 1
AP 153 236 1
AP 153 237 1
AP 153 238 1
AP 153 239 1
AP 154 16 1
AP 154 17 1
AP 154 18 1
AP 154 19 1
AP 154 20 1
AP 154 21 1
AP 154 234 1
AP 154 235 1
AP 154 236 1
AP 154 237 1
AP 154 238 1
AP 154 239 1
AP 155 16 1
AP 155 17 1
AP 155 18 1
AP 155 19 1
AP 155 20 1
AP 155 21 1
AP 155 22 1
AP 155 233 1
AP 155 234 1
AP 155 235 1
AP 155 236 1
AP 155 237 1
AP 155 238 1
AP 155 239 1
AP 156 16 1
AP 156 17 1
AP 156 18 1
AP 156 19 1
AP 156 20 1
AP 156 21 1
AP 156 22 1
AP 156 233 1
AP 156 234 1
AP 156 235 1
AP 156 236 1
AP 156 237 1
AP 156 238 1
AP 156 239 1
AP 157 17 1
AP 157 18 1
AP 157 19 1
AP 157 20 1
AP 157 21 1
AP 157 22 1
AP 157 233 1
AP 157 234 1
AP 157 235 1
AP 157 236 1
AP 157 237 1
AP 157 238 1
AP 158 17 1
AP 158 18 1
AP 158 19 1
AP 158 20 1
AP 158 21 1
AP 158 22 1
AP 158 23 1
AP 158 232 1
AP 158 233 1
AP 158 234 1
AP 158 235 1
AP 158 236 1
AP 158 237 1
AP 158 238 1
AP 159 17 1
AP 159 18 1
AP 159 19 1
AP 159 20 1
AP 159 21 1
AP 159 22 1
AP 159 23 1
AP 159 232 1
AP 159 233 1
AP 159 234 1
AP 159 235 1
AP 159 236 1
AP 159 237 1
AP 159 238 1
AP 160 17 1
AP 160 18 1
AP 160 19 1
AP 160 20 1
AP 160 21 1
AP 160 22 1
AP 160 23 1
AP 160 232 1
AP 160 233 1
AP 160 234 1
AP 160 235 1
AP 160 236 1
AP 160 237 1
AP 160 238 1
AP 161 18 1
AP 161 19 1
AP 161 20 1
AP 161 21 1
AP 161 22 1
AP 161 23 1
AP 161 232 1
AP 161 233 1
AP 161 234 1
AP 161 235 1
AP 161 236 1
AP 161 237 1
AP 162 18 1
AP 162 19 1
AP 162 20 1
AP 162 21 1
AP 162 22 1
AP 162 23 1
AP 162 24 1
AP 162 231 1
AP 162 232 1
AP 162 233 1
AP 162 234 1
AP 162 235 1
AP 162 236 1
AP 162 237 1
AP 163 18 1
AP 163 19 1
AP 163 20 1
AP 163 21 1
AP 163 22 1
AP 163 23 1
AP 163 24 1
AP 163 231 1
AP 163 232 1
AP 163 233 1
AP 163 234 1
AP 163 235 1
AP 163 236 1
AP 163 237 1
AP 164 19 1
AP 164 20 1
AP 164 21 1
AP 164 22 1
AP 164 23 1
AP 164 24 1
AP 164 25 1
AP 164 230 1
AP 164 231 1
AP 164 232 1
AP 164 233 1
AP 164 234 1
AP 164 235 1
AP 164 236 1
AP 165 19 1
AP 165 20 1
AP 165 21 1
AP 165 22 1
AP 165 23 1
AP 165 24 1
AP 165 25 1
AP 165 230 1
AP 165 231 1
AP 165 232 1
AP 165 233 1
AP 165 234 1
AP 165 235 1
AP 165 236 1
AP 166 19 1
AP 166 20 1
AP 166 21 1
AP 166 22 1
AP 166 23 1
AP 166 24 1
AP 166 25 1
AP 166 230 1
AP 166 231 1
AP 166 232 1
AP 166 233 1
AP 166 234 1
AP 166 235 1
AP 166 236 1
AP 167 20 1
AP 167 21 1
AP 167 22 1
AP 167 23 1
AP 167 24 1
AP 167 25 1
AP 167 26 1
AP 167 229 1
AP 167 230 1
AP 167 231 1
AP 167 232 1
AP 167 233 1
AP 167 234 1
AP 167 235 1
AP 168 20 1
AP 168 21 1
AP 168 22 1
AP 168 23 1
AP 168 24 1
AP 168 25 1
AP 168 26 1
AP 168 229 1
AP 168 230 1
AP 168 231 1
AP 168 232 1
AP 168 233 1
AP 168 234 1
AP 168 235 1
AP 169 21 1
AP 169 22 1
AP 169 23 1
AP 169 24 1
AP 169 25 1
AP 169 26 1
AP 169 229 1
AP 169 230 1
AP 169 231 1
AP 169 232 1
AP 169 233 1
AP 169 234 1
AP 170 21 1
AP 170 22 1
AP 170 23 1
AP 170 24 1
AP 170 25 1
AP 170 26 1
AP 170 27 1
AP 170 228 1
AP 170 229 1
AP 170 230 1
AP 170 231 1
AP 170 232 1
AP 170 233 1
AP 170 234 1
AP 171 21 1
AP 171 22 1
AP 171 23 1
AP 171 24 1
AP 171 25 1
AP 171 26 1
AP 171 27 1
AP 171 228 1
AP 171 229 1
AP 171 230 1
AP 171 231 1
AP 171 232 1
AP 171 233 1
AP 171 234 1
AP 172 22 1
AP 172 23 1
AP 172 24 1
AP 172 25 1
AP 172 26 1
AP 172 27 1
AP 172 28 1
AP 172 227 1
AP 172 228 1
AP 172 229 1
AP 172 230 1
AP 172 231 1
AP 172 232 1
AP 172 233 1
AP 173 22 1
AP 173 23 1
AP 173 24 1
AP 173 25 1
AP 173 26 1
AP 173 27 1
AP 173 28 1
AP 173 227 1
AP 173 228 1
AP 173 229 1
AP 173 230 1
AP 173 231 1
AP 173 232 1
AP 173 233 1
AP 174 23 1
AP 174 24 1
AP 174 25 1
AP 174 26 1
AP 174 27 1
AP 174 28 1
AP 174 29 1
AP 174 226 1
AP 174 227 1
AP 174 228 1
AP 174 229 1
AP 174 230 1
AP 174 231 1
AP 174 232 1
AP 175 23 1
AP 175 24 1
AP 175 25 1
AP 175 26 1
AP 175 27 1
AP 175 28 1
AP 175 29 1
AP 175 226 1
AP 175 227 1
AP 175 228 1
AP 175 229 1
AP 175 230 1
AP 175 231 1
AP 175 232 1
AP 176 24 1
AP 176 25 1
AP 176 26 1
AP 176 27 1
AP 176 28 1
AP 176 29 1
AP 176 30 1
AP 176 225 1
AP 176 226 1
AP 176 227 1
AP 176 228 1
AP 176 229 1
AP 176 230 1
AP 176 231 1
AP 177 24 1
AP 177 25 1
AP 177 26 1
AP 177 27 1
AP 177 28 1
AP 177 29 1
AP 177 30 1
AP 177 225 1
AP 177 226 1
AP 177 227 1
AP 177 228 1
AP 177 229 1
AP 177 230 1
AP 177 231 1
AP 178 24 1
AP 178 25 1
AP 178 26 1
AP 178 27 1
AP 178 28 1
AP 178 29 1
AP 178 30 1
AP 178 31 1
AP 178 224 1
AP 178 225 1
AP 178 226 1
AP 178 227 1
AP 178 228 1
AP 178 229 1
AP 178 230 1
AP 178 231 1
AP 179 25 1
AP 179 26 1
AP 179 27 1
AP 179 28 1
AP 179 29 1
AP 179 30 1
AP 179 31 1
AP 179 224 1
AP 179 225 1
AP 179 226 1
AP 179 227 1
AP 179 228 1
AP 179 229 1
AP 179 230 1
AP 180 25 1
AP 180 26 1
AP 180 27 1
AP 180 28 1
AP 180 29 1
AP 180 30 1
AP 180 31 1
AP 180 32 1
AP 180 223 1
AP 180 224 1
AP 180 225 1
AP 180 226 1
AP 180 227 1
AP 180 228 1
AP 180 229 1
AP 180 230 1
AP 181 26 1
AP 181 27 1
AP 181 28 1
AP 181 29 1
AP 181 30 1
AP 181 31 1
AP 181 32 1
AP 181 223 1
AP 181 224 1
AP 181 225 1
AP 181 226 1
AP 181 227 1
AP 181 228 1
AP 181 229 1
AP 182 27 1
AP 182 28 1
AP 182 29 1
AP 182 30 1
AP 182 31 1
AP 182 32 1
AP 182 33 1
AP 182 222 1
AP 182 223 1
AP 182 224 1
AP 182 225 1
AP 182 226 1
AP 182 227 1
AP 182 228 1
AP 183 27 1
AP 183 28 1
AP 183 29 1
AP 183 30 1
AP 183 31 1
AP 183 32 1
AP 183 33 1
AP 183 222 1
AP 183 223 1
AP 183 224 1
AP 183 225 1
AP 183 226 1
AP 183 227 1
AP 183 228 1
AP 184 28 1
AP 184 29 1
AP 184 30 1
AP 184 31 1
AP 184 32 1
AP 184 33 1
AP 184 34 1
AP 184 221 1
AP 184 222 1
AP 184 223 1
AP 184 224 1
AP 184 225 1
AP 184 226 1
AP 184 227 1
AP 185 28 1
AP 185 29 1
AP 185 30 1
AP 185 31 1
AP 185 32 1
AP 185 33 1
AP 185 34 1
AP 185 35 1
AP 185 220 1
AP 185 221 1
AP 185 222 1
AP 185 223 1
AP 185 224 1
AP 185 225 1
AP 185 226 1
AP 185 227 1
AP 186 29 1
AP 186 30 1
AP 186 31 1
AP 186 32 1
AP 186 33 1
AP 186 34 1
AP 186 35 1
AP 186 220 1
AP 186 221 1
AP 186 222 1
AP 186 223 1
AP 186 224 1
AP 186 225 1
AP 186 226 1
AP 187 29 1
AP 187 30 1
AP 187 31 1
AP 187 32 1
AP 187 33 1
AP 187 34 1
AP 187 35 1
AP 187 36 1
AP 187 219 1
AP 187 220 1
AP 187 221 1
AP 187 222 1
AP 187 223 1
AP 187 224 1
AP 187 225 1
AP 187 226 1
AP 188 30 1
AP 188 31 1
AP 188 32 1
AP 188 33 1
AP 188 34 1
AP 188 35 1
AP 188 36 1
AP 188 37 1
AP 188 218 1
AP 188 219 1
AP 188 220 1
AP 188 221 1
AP 188 222 1
AP 188 223 1
AP 188 224 1
AP 188 225 1
AP 189 31 1
AP 189 32 1
AP 189 33 1
AP 189 34 1
AP 189 35 1
AP 189 36 1
AP 189 37 1
AP 189 218 1
AP 189 219 1
AP 189 220 1
AP 189 221 1
AP 189 222 1
AP 189 223 1
AP 189 224 1
AP 190 31 1
AP 190 32 1
AP 190 33 1
AP 190 34 1
AP 190 35 1
AP 190 36 1
AP 190 37 1
AP 190 38 1
AP 190 217 1
AP 190 218 1
AP 190 219 1
AP 190 220 1
AP 190 221 1
AP 190 222 1
AP 190 223 1
AP 190 224 1
AP 191 32 1
AP 191 33 1
AP 191 34 1
AP 191 35 1
AP 191 36 1
AP 191 37 1
AP 191 38 1
AP 191 39 1
AP 191 216 1
AP 191 217 1
AP 191 218 1
AP 191 219 1
AP 191 220 1
AP 191 221 1
AP 191 222 1
AP 191 223 1
AP 192 33 1
AP 192 34 1
AP 192 35 1
AP 192 36 1
AP 192 37 1
AP 192 38 1
AP 192 39 1
AP 192 216 1
AP 192 217 1
AP 192 218 1
AP 192 219 1
AP 192 220 1
AP 192 221 1
AP 192 222 1
AP 193 33 1
AP 193 34 1
AP 193 35 1
AP 193 36 1
AP 193 37 1
AP 193 38 1
AP 193 39 1
AP 193 40 1
AP 193 215 1
AP 193 216 1
AP 193 217 1
AP 193 218 1
AP 193 219 1
AP 193 220 1
AP 193 221 1
AP 193 222 1
AP 194 34 1
AP 194 35 1
AP 194 36 1
AP 194 37 1
AP 194 38 1
AP 194 39 1
AP 194 40 1
AP 194 41 1
AP 194 214 1
AP 194 215 1
AP 194 216 1
AP 194 217 1
AP 194 218 1
AP 194 219 1
AP 194 220 1
AP 194 221 1
AP 195 35 1
AP 195 36 1
AP 195 37 1
AP 195 38 1
AP 195 39 1
AP 195 40 1
AP 195 41 1
AP 195 42 1
AP 195 213 1
AP 195 214 1
AP 195 215 1
AP 195 216 1
AP 195 217 1
AP 195 218 1
AP 195 219 1
AP 195 220 1
AP 196 35 1
AP 196 36 1
AP 196 37 1
AP 196 38 1
AP 196 39 1
AP 196 40 1
AP 196 41 1
AP 196 42 1
AP 196 213 1
AP 196 214 1
AP 196 215 1
AP 196 216 1
AP 196 217 1
AP 196 218 1
AP 196 219 1
AP 196 220 1
AP 197 36 1
AP 197 37 1
AP 197 38 1
AP 197 39 1
AP 197 40 1
AP 197 41 1
AP 197 42 1
AP 197 43 1
AP 197 212 1
AP 197 213 1
AP 197 214 1
AP 197 215 1
AP 197 216 1
AP 197 217 1
AP 197 218 1
AP 197 219 1
AP 198 37 1
AP 198 38 1
AP 198 39 1
AP 198 40 1
AP 198 41 1
AP 198 42 1
AP 198 43 1
AP 198 44 1
AP 198 211 1
AP 198 212 1
AP 198 213 1
AP 198 214 1
AP 198 215 1
AP 198 216 1
AP 198 217 1
AP 198 218 1
AP 199 38 1
AP 199 39 1
AP 199 40 1
AP 199 41 1
AP 199 42 1
AP 199 43 1
AP 199 44 1
AP 199 45 1
AP 199 210 1
AP 199 211 1
AP 199 212 1
AP 199 213 1
AP 199 214 1
AP 199 215 1
AP 199 216 1
AP 199 217 1
AP 200 38 1
AP 200 39 1
AP 200 40 1
AP 200 41 1
AP 200 42 1
AP 200 43 1
AP 200 44 1
AP 200 45 1
AP 200 46 1
AP 200 209 1
AP 200 210 1
AP 200 211 1
AP 200 212 1
AP 200 213 1
AP 200 214 1
AP 200 215 1
AP 200 216 1
AP 200 217 1
AP 201 39 1
AP 201 40 1
AP 201 41 1
AP 201 42 1
AP 201 43 1
AP 201 44 1
AP 201 45 1
AP 201 46 1
AP 201 47 1
AP 201 208 1
AP 201 209 1
AP 201 210 1
AP 201 211 1
AP 201 212 1
AP 201 213 1
AP 201 214 1
AP 201 215 1
AP 201 216 1
AP 202 40 1
AP 202 41 1
AP 202 42 1
AP 202 43 1
AP 202 44 1
AP 202 45 1
AP 202 46 1
AP 202 47 1
AP 202 48 1
AP 202 207 1
AP 202 208 1
AP 202 209 1
AP 202 210 1
AP 202 211 1
AP 202 212 1
AP 202 213 1
AP 202 214 1
AP 202 215 1
AP 203 41 1
AP 203 42 1
AP 203 43 1
AP 203 44 1
AP 203 45 1
AP 203 46 1
AP 203 47 1
AP 203 48 1
AP 203 49 1
AP 203 206 1
AP 203 207 1
AP 203 208 1
AP 203 209 1
AP 203 210 1
AP 203 211 1
AP 203 212 1
AP 203 213 1
AP 203 214 1
AP 204 42 1
AP 204 43 1
AP 204 44 1
AP 204 45 1
AP 204 46 1
AP 204 47 1
AP 204 48 1
AP 204 49 1
AP 204 50 1
AP 204 205 1
AP 204 206 1
AP 204 207 1
AP 204 208 1
AP 204 209 1
AP 204 210 1
AP 204 211 1
AP 204 212 1
AP 204 213 1
AP 205 43 1
AP 205 44 1
AP 205 45 1
AP 205 46 1
AP 205 47 1
AP 205 48 1
AP 205 49 1
AP 205 50 1
AP 205 51 1
AP 205 204 1
AP 205 205 1
AP 205 206 1
AP 205 207 1
AP 205 208 1
AP 205 209 1
AP 205 210 1
AP 205 211 1
AP 205 212 1
AP 206 44 1
AP 206 45 1
AP 206 46 1
AP 206 47 1
AP 206 48 1
AP 206 49 1
AP 206 50 1
AP 206 51 1
AP 206 52 1
AP 206 203 1
AP 206 204 1
AP 206 205 1
AP 206 206 1
AP 206 207 1
AP 206 208 1
AP 206 209 1
AP 206 210 1
AP 206 211 1
AP 207 45 1
AP 207 46 1
AP 207 47 1
AP 207 48 1
AP 207 49 1
AP 207 50 1
AP 207 51 1
AP 207 52 1
AP 207 53 1
AP 207 202 1
AP 207 203 1
AP 207 204 1
AP 207 205 1
AP 207 206 1
AP 207 207 1
AP 207 208 1
AP 207 209 1
AP 207 210 1
AP 208 46 1
AP 208 47 1
AP 208 48 1
AP 208 49 1
AP 208 50 1
AP 208 51 1
AP 208 52 1
AP 208 53 1
AP 208 54 1
AP 208 201 1
AP 208 202 1
AP 208 203 1
AP 208 204 1
AP 208 205 1
AP 208 206 1
AP 208 207 1
AP 208 208 1
AP 208 209 1
AP 209 47 1
AP 209 48 1
AP 209 49 1
AP 209 50 1
AP 209 51 1
AP 209 52 1
AP 209 53 1
AP 209 54 1
AP 209 55 1
AP 209 200 1
AP 209 201 1
AP 209 202 1
AP 209 203 1
AP 209 204 1
AP 209 205 1
AP 209 206 1
AP 209 207 1
AP 209 208 1
AP 210 48 1
AP 210 49 1
AP 210 50 1
AP 210 51 1
AP 210 52 1
AP 210 53 1
AP 210 54 1
AP 210 55 1
AP 210 56 1
AP 210 199 1
AP 210 200 1
AP 210 201 1
AP 210 202 1
AP 210 203 1
AP 210 204 1
AP 210 205 1
AP 210 206 1
AP 210 207 1
AP 211 49 1
AP 211 50 1
AP 211 51 1
AP 211 52 1
AP 211 53 1
AP 211 54 1
AP 211 55 1
AP 211 56 1
AP 211 57 1
AP 211 198 1
AP 211 199 1
AP 211 200 1
AP 211 201 1
AP 211 202 1
AP 211 203 1
AP 211 204 1
AP 211 205 1
AP 211 206 1
AP 212 50 1
AP 212 51 1
AP 212 52 1
AP 212 53 1
AP 212 54 1
AP 212 55 1
AP 212 56 1
AP 212 57 1
AP 212 58 1
AP 212 197 1
AP 212 198 1
AP 212 199 1
AP 212 200 1
AP 212 201 1
AP 212 202 1
AP 212 203 1
AP 212 204 1
AP 212 205 1
AP 213 51 1
AP 213 52 1
AP 213 53 1
AP 213 54 1
AP 213 55 1
AP 213 56 1
AP 213 57 1
AP 213 58 1
AP 213 59 1
AP 213 60 1
AP 213 195 1
AP 213 196 1
AP 213 197 1
AP 213 198 1
AP 213 199 1
AP 213 200 1
AP 213 201 1
AP 213 202 1
AP 213 203 1
AP 213 204 1
AP 214 52 1
AP 214 53 1
AP 214 54 1
AP 214 55 1
AP 214 56 1
AP 214 57 1
AP 214 58 1
AP 214 59 1
AP 214 60 1
AP 214 61 1
AP 214 194 1
AP 214 195 1
AP 214 196 1
AP 214 197 1
AP 214 198 1
AP 214 199 1
AP 214 200 1
AP 214 201 1
AP 214 202 1
AP 214 203 1
AP 215 53 1
AP 215 54 1
AP 215 55 1
AP 215 56 1
AP 215 57 1
AP 215 58 1
AP 215 59 1
AP 215 60 1
AP 215 61 1
AP 215 62 1
AP 215 193 1
AP 215 194 1
AP 215 195 1
AP 215 196 1
AP 215 197 1
AP 215 198 1
AP 215 199 1
AP 215 200 1
AP 215 201 1
AP 215 202 1
AP 216 54 1
AP 216 55 1
AP 216 56 1
AP 216 57 1
AP 216 58 1
AP 216 59 1
AP 216 60 1
AP 216 61 1
AP 216 62 1
AP 216 63 1
AP 216 64 1
AP 216 191 1
AP 216 192 1
AP 216 193 1
AP 216 194 1
AP 216 195 1
AP 216 196 1
AP 216 197 1
AP 216 198 1
AP 216 199 1
AP 216 200 1
AP 216 201 1
AP 217 55 1
AP 217 56 1
AP 217 57 1
AP 217 58 1
AP 217 59 1
AP 217 60 1
AP 217 61 1
AP 217 62 1
AP 217 63 1
AP 217 64 1
AP 217 65 1
AP 217 190 1
AP 217 191 1
AP 217 192 1
AP 217 193 1
AP 217 194 1
AP 217 195 1
AP 217 196 1
AP 217 197 1
AP 217 198 1
AP 217 199 1
AP 217 200 1
AP 218 57 1
AP 218 58 1
AP 218 59 1
AP 218 60 1
AP 218 61 1
AP 218 62 1
AP 218 63 1
AP 218 64 1
AP 218 65 1
AP 218 66 1
AP 218 67 1
AP 218 188 1
AP 218 189 1
AP 218 190 1
AP 218 191 1
AP 218 192 1
AP 218 193 1
AP 218 194 1
AP 218 195 1
AP 218 196 1
AP 218 197 1
AP 218 198 1
AP 219 58 1
AP 219 59 1
AP 219 60 1
AP 219 61 1
AP 219 62 1
AP 219 63 1
AP 219 64 1
AP 219 65 1
AP 219 66 1
AP 219 67 1
AP 219 68 1
AP 219 187 1
AP 219 188 1
AP 219 189 1
AP 219 190 1
AP 219 191 1
AP 219 192 1
AP 219 193 1
AP 219 194 1
AP 219 195 1
AP 219 196 1
AP 219 197 1
AP 220 59 1
AP 220 60 1
AP 220 61 1
AP 220 62 1
AP 220 63 1
AP 220 64 1
AP 220 65 1
AP 220 66 1
AP 220 67 1
AP 220 68 1
AP 220 69 1
AP 220 70 1
AP 220 185 1
AP 220 186 1
AP 220 187 1
AP 220 188 1
AP 220 189 1
AP 220 190 1
AP 220 191 1
AP 220 192 1
AP 220 193 1
AP 220 194 1
AP 220 195 1
AP 220 196 1
AP 221 61 1
AP 221 62 1
AP 221 63 1
AP 221 64 1
AP 221 65 1
AP 221 66 1
AP 221 67 1
AP 221 68 1
AP 221 69 1
AP 221 70 1
AP 221 71 1
AP 221 184 1
AP 221 185 1
AP 221 186 1
AP 221 187 1
AP 221 188 1
AP 221 189 1
AP 221 190 1
AP 221 191 1
AP 221 192 1
AP 221 193 1
AP 221 194 1
AP 222 62 1
AP 222 63 1
AP 222 64 1
AP 222 65 1
AP 222 66 1
AP 222 67 1
AP 222 68 1
AP 222 69 1
AP 222 70 1
AP 222 71 1
AP 222 72 1
AP 222 73 1
AP 222 182 1
AP 222 183 1
AP 222 184 1
AP 222 185 1
AP 222 186 1
AP 222 187 1
AP 222 188 1
AP 222 189 1
AP 222 190 1
AP 222 191 1
AP 222 192 1
AP 222 193 1
AP 223 64 1
AP 223 65 1
AP 223 66 1
AP 223 67 1
AP 223 68 1
AP 223 69 1
AP 223 70 1
AP 223 71 1
AP 223 72 1
AP 223 73 1
AP 223 74 1
AP 223 75 1
AP 223 180 1
AP 223 181 1
AP 223 182 1
AP 223 183 1
AP 223 184 1
AP 223 185 1
AP 223 186 1
AP 223 187 1
AP 223 188 1
AP 223 189 1
AP 223 190 1
AP 223 191 1
AP 224 65 1
AP 224 66 1
AP 224 67 1
AP 224 68 1
AP 224 69 1
AP 224 70 1
AP 224 71 1
AP 224 72 1
AP 224 73 1
AP 224 74 1
AP 224 75 1
AP 224 76 1
AP 224 77 1
AP 224 178 1
AP 224 179 1
AP 224 180 1
AP 224 181 1
AP 224 182 1
AP 224 183 1
AP 224 184 1
AP 224 185 1
AP 224 186 1
AP 224 187 1
AP 224 188 1
AP 224 189 1
AP 224 190 1
AP 225 67 1
AP 225 68 1
AP 225 69 1
AP 225 70 1
AP 225 71 1
AP 225 72 1
AP 225 73 1
AP 225 74 1
AP 225 75 1
AP 225 76 1
AP 225 77 1
AP 225 78 1
AP 225 79 1
AP 225 176 1
AP 225 177 1
AP 225 178 1
AP 225 179 1
AP 225 180 1
AP 225 181 1
AP 225 182 1
AP 225 183 1
AP 225 184 1
AP 225 185 1
AP 225 186 1
AP 225 187 1
AP 225 188 1
AP 226 68 1
AP 226 69 1
AP 226 70 1
AP 226 71 1
AP 226 72 1
AP 226 73 1
AP 226 74 1
AP 226 75 1
AP 226 76 1
AP 226 77 1
AP 226 78 1
AP 226 79 1
AP 226 80 1
AP 226 81 1
AP 226 174 1
AP 226 175 1
AP 226 176 1
AP 226 177 1
AP 226 178 1
AP 226 179 1
AP 226 180 1
AP 226 181 1
AP 226 182 1
AP 226 183 1
AP 226 184 1
AP 226 185 1
AP 226 186 1
AP 226 187 1
AP 227 70 1
AP 227 71 1
AP 227 72 1
AP 227 73 1
AP 227 74 1
AP 227 75 1
AP 227 76 1
AP 227 77 1
AP 227 78 1
AP 227 79 1
AP 227 80 1
AP 227 81 1
AP 227 82 1
AP 227 83 1
AP 227 172 1
AP 227 173 1
AP 227 174 1
AP 227 175 1
AP 227 176 1
AP 227 177 1
AP 227 178 1
AP 227 179 1
AP 227 180 1
AP 227 181 1
AP 227 182 1
AP 227 183 1
AP 227 184 1
AP 227 185 1
AP 228 72 1
AP 228 73 1
AP 228 74 1
AP 228 75 1
AP 228 76 1
AP 228 77 1
AP 228 78 1
AP 228 79 1
AP 228 80 1
AP 228 81 1
AP 228 82 1
AP 228 83 1
AP 228 84 1
AP 228 85 1
AP 228 170 1
AP 228 171 1
AP 228 172 1
AP 228 173 1
AP 228 174 1
AP 228 175 1
AP 228 176 1
AP 228 177 1
AP 228 178 1
AP 228 179 1
AP 228 180 1
AP 228 181 1
AP 228 182 1
AP 228 183 1
AP 229 74 1
AP 229 75 1
AP 229 76 1
AP 229 77 1
AP 229 78 1
AP 229 79 1
AP 229 80 1
AP 229 81 1
AP 229 82 1
AP 229 83 1
AP 229 84 1
AP 229 85 1
AP 229 86 1
AP 229 87 1
AP 229 88 1
AP 229 167 1
AP 229 168 1
AP 229 169 1
AP 229 170 1
AP 229 171 1
AP 229 172 1
AP 229 173 1
AP 229 174 1
AP 229 175 1
AP 229 176 1
AP 229 177 1
AP 229 178 1
AP 229 179 1
AP 229 180 1
AP 229 181 1
AP 230 75 1
AP 230 76 1
AP 230 77 1
AP 230 78 1
AP 230 79 1
AP 230 80 1
AP 230 81 1
AP 230 82 1
AP 230 83 1
AP 230 84 1
AP 230 85 1
AP 230 86 1
AP 230 87 1
AP 230 88 1
AP 230 89 1
AP 230 90 1
AP 230 91 1
AP 230 164 1
AP 230 165 1
AP 230 166 1
AP 230 167 1
AP 230 168 1
AP 230 169 1
AP 230 170 1
AP 230 171 1
AP 230 172 1
AP 230 173 1
AP 230 174 1
AP 230 175 1
AP 230 176 1
AP 230 177 1
AP 230 178 1
AP 230 179 1
AP 230 180 1
AP 231 77 1
AP 231 78 1
AP 231 79 1
AP 231 80 1
AP 231 81 1
AP 231 82 1
AP 231 83 1
AP 231 84 1
AP 231 85 1
AP 231 86 1
AP 231 87 1
AP 231 88 1
AP 231 89 1
AP 231 90 1
AP 231 91 1
AP 231 92 1
AP 231 93 1
AP 231 162 1
AP 231 163 1
AP 231 164 1
AP 231 165 1
AP 231 166 1
AP 231 167 1
AP 231 168 1
AP 231 169 1
AP 231 170 1
AP 231 171 1
AP 231 172 1
AP 231 173 1
AP 231 174 1
AP 231 175 1
AP 231 176 1
AP 231 177 1
AP 231 178 1
AP 232 80 1
AP 232 81 1
AP 232 82 1
AP 232 83 1
AP 232 84 1
AP 232 85 1
AP 232 86 1
AP 232 87 1
AP 232 88 1
AP 232 89 1
AP 232 90 1
AP 232 91 1
AP 232 92 1
AP 232 93 1
AP 232 94 1
AP 232 95 1
AP 232 96 1
AP 232 97 1
AP 232 158 1
AP 232 159 1
AP 232 160 1
AP 232 161 1
AP 232 162 1
AP 232 163 1
AP 232 164 1
AP 232 165 1
AP 232 166 1
AP 232 167 1
AP 232 168 1
AP 232 169 1
AP 232 170 1
AP 232 171 1
AP 232 172 1
AP 232 173 1
AP 232 174 1
AP 232 175 1
AP 233 82 1
AP 233 83 1
AP 233 84 1
AP 233 85 1
AP 233 86 1
AP 233 87 1
AP 233 88 1
AP 233 89 1
AP 233 90 1
AP 233 91 1
AP 233 92 1
AP 233 93 1
AP 233 94 1
AP 233 95 1
AP 233 96 1
AP 233 97 1
AP 233 98 1
AP 233 99 1
AP 233 100 1
AP 233 155 1
AP 233 156 1
AP 233 157 1
AP 233 158 1
AP 233 159 1
AP 233 160 1
AP 233 161 1
AP 233 162 1
AP 233 163 1
AP 233 164 1
AP 233 165 1
AP 233 166 1
AP 233 167 1
AP 233 168 1
AP 233 169 1
AP 233 170 1
AP 233 171 1
AP 233 172 1
AP 233 173 1
AP 234 84 1
AP 234 85 1
AP 234 86 1
AP 234 87 1
AP 234 88 1
AP 234 89 1
AP 234 90 1
AP 234 91 1
AP 234 92 1
AP 234 93 1
AP 234 94 1
AP 234 95 1
AP 234 96 1
AP 234 97 1
AP 234 98 1
AP 234 99 1
AP 234 100 1
AP 234 101 1
AP 234 102 1
AP 234 103 1
AP 234 104 1
AP 234 105 1
AP 234 150 1
AP 234 151 1
AP 234 152 1
AP 234 153 1
AP 234 154 1
AP 234 155 1
AP 234 156 1
AP 234 157 1
AP 234 158 1
AP 234 159 1
AP 234 160 1
AP 234 161 1
AP 234 162 1
AP 234 163 1
AP 234 164 1
AP 234 165 1
AP 234 166 1
AP 234 167 1
AP 234 168 1
AP 234 169 1
AP 234 170 1
AP 234 171 1
AP 235 87 1
AP 235 88 1
AP 235 89 1
AP 235 90 1
AP 235 91 1
AP 235 92 1
AP 235 93 1
AP 235 94 1
AP 235 95 1
AP 235 96 1
AP 235 97 1
AP 235 98 1
AP 235 99 1
AP 235 100 1
AP 235 101 1
AP 235 102 1
AP 235 103 1
AP 235 104 1
AP 235 105 1
AP 235 106 1
AP 235 107 1
AP 235 108 1
AP 235 109 1
AP 235 110 1
AP 235 145 1
AP 235 146 1
AP 235 147 1
AP 235 148 1
AP 235 149 1
AP 235 150 1
AP 235 151 1
AP 235 152 1
AP 235 153 1
AP 235 154 1
AP 235 155 1
AP 235 156 1
AP 235 157 1
AP 235 158 1
AP 235 159 1
AP 235 160 1
AP 235 161 1
AP 235 162 1
AP 235 163 1
AP 235 164 1
AP 235 165 1
AP 235 166 1
AP 235 167 1
AP 235 168 1
AP 236 89 1
AP 236 90 1
AP 236 91 1
AP 236 92 1
AP 236 93 1
AP 236 94 1
AP 236 95 1
AP 236 96 1
AP 236 97 1
AP 236 98 1
AP 236 99 1
AP 236 100 1
AP 236 101 1
AP 236 102 1
AP 236 103 1
AP 236 104 1
AP 236 105 1
AP 236 106 1
AP 236 107 1
AP 236 108 1
AP 236 109 1
AP 236 110 1
AP 236 111 1
AP 236 112 1
AP 236 113 1
AP 236 114 1
AP 236 115 1
AP 236 116 1
AP 236 117 1
AP 236 118 1
AP 236 119 1
AP 236 136 1
AP 236 137 1
AP 236 138 1
AP 236 139 1
AP 236 140 1
AP 236 141 1
AP 236 142 1
AP 236 143 1
AP 236 144 1
AP 236 145 1
AP 236 146 1
AP 236 147 1
AP 236 148 1
AP 236 149 1
AP 236 150 1
AP 236 151 1
AP 236 152 1
AP 236 153 1
AP 236 154 1
AP 236 155 1
AP 236 156 1
AP 236 157 1
AP 236 158 1
AP 236 159 1
AP 236 160 1
AP 236 161 1
AP 236 162 1
AP 236 163 1
AP 236 164 1
AP 236 165 1
AP 236 166 1
AP 237 92 1
AP 237 93 1
AP 237 94 1
AP 237 95 1
AP 237 96 1
AP 237 97 1
AP 237 98 1
AP 237 99 1
AP 237 100 1
AP 237 101 1
AP 237 102 1
AP 237 103 1
AP 237 104 1
AP 237 105 1
AP 237 106 1
AP 237 107 1
AP 237 108 1
AP 237 109 1
AP 237 110 1
AP 237 111 1
AP 237 112 1
AP 237 113 1
AP 237 114 1
AP 237 115 1
AP 237 116 1
AP 237 117 1
AP 237 118 1
AP 237 119 1
AP 237 120 1
AP 237 121 1
AP 237 122 1
AP 237 123 1
AP 237 124 1
AP 237 125 1
AP 237 126 1
AP 237 127 1
AP 237 128 1
AP 237 129 1
AP 237 130 1
AP 237 131 1
AP 237 132 1
AP 237 133 1
AP 237 134 1
AP 237 135 1
AP 237 136 1
AP 237 137 1
AP 237 138 1
AP 237 139 1
AP 237 140 1
AP 237 141 1
AP 237 142 1
AP 237 143 1
AP 237 144 1
AP 237 145 1
AP 237 146 1
AP 237 147 1
AP 237 148 1
AP 237 149 1
AP 237 150 1
AP 237 151 1
AP 237 152 1
AP 237 153 1
AP 237 154 1
AP 237 155 1
AP 237 156 1
AP 237 157 1
AP 237 158 1
AP 237 159 1
AP 237 160 1
AP 237 161 1
AP 237 162 1
AP 237 163 1
AP 238 95 1
AP 238 96 1
AP 238 97 1
AP 238 98 1
AP 238 99 1
AP 238 100 1
AP 238 101 1
AP 238 102 1
AP 238 103 1
AP 238 104 1
AP 238 105 1
AP 238 106 1
AP 238 107 1
AP 238 108 1
AP 238 109 1
AP 238 110 1
AP 238 111 1
AP 238 112 1
AP 238 113 1
AP 238 114 1
AP 238 115 1
AP 238 116 1
AP 238 117 1
AP 238 118 1
AP 238 119 1
AP 238 120 1
AP 238 121 1
AP 238 122 1
AP 238 123 1
AP 238 124 1
AP 238 125 1
AP 238 126 1
AP 238 127 1
AP 238 128 1
AP 238 129 1
AP 238 130 1
AP 238 131 1
AP 238 132 1
AP 238 133 1
AP 238 134 1
AP 238 135 1
AP 238 136 1
AP 238 137 1
AP 238 138 1
AP 238 139 1
AP 238 140 1
AP 238 141 1
AP 238 142 1
AP 238 143 1
AP 238 144 1
AP 238 145 1
AP 238 146 1
AP 238 147 1
AP 238 148 1
AP 238 149 1
AP 238 150 1
AP 238 151 1
AP 238 152 1
AP 238 153 1
AP 238 154 1
AP 238 155 1
AP 238 156 1
AP 238 157 1
AP 238 158 1
AP 238 159 1
AP 238 160 1
AP 239 99 1
AP 239 100 1
AP 239 101 1
AP 239 102 1
AP 239 103 1
AP 239 104 1
AP 239 105 1
AP 239 106 1
AP 239 107 1
AP 239 108 1
AP 239 109 1
AP 239 110 1
AP 239 111 1
AP 239 112 1
AP 239 113 1
AP 239 114 1
AP 239 115 1
AP 239 116 1
AP 239 117 1
AP 239 118 1
AP 239 119 1
AP 239 120 1
AP 239 121 1
AP 239 122 1
AP 239 123 1
AP 239 124 1
AP 239 125 1
AP 239 126 1
AP 239 127 1
AP 239 128 1
AP 239 129 1
AP 239 130 1
AP 239 131 1
AP 239 132 1
AP 239 133 1
AP 239 134 1
AP 239 135 1
AP 239 136 1
AP 239 137 1
AP 239 138 1
AP 239 139 1
AP 239 140 1
AP 239 141 1
AP 239 142 1
AP 239 143 1
AP 239 144 1
AP 239 145 1
AP 239 146 1
AP 239 147 1
AP 239 148 1
AP 239 149 1
AP 239 150 1
AP 239 151 1
AP 239 152 1
AP 239 153 1
AP 239 154 1
AP 239 155 1
AP 239 156 1
AP 240 103 1
AP 240 104 1
AP 240 105 1
AP 240 106 1
AP 240 107 1
AP 240 108 1
AP 240 109 1
AP 240 110 1
AP 240 111 1
AP 240 112 1
AP 240 113 1
AP 240 114 1
AP 240 115 1
AP 240 116 1
AP 240 117 1
AP 240 118 1
AP 240 119 1
AP 240 120 1
AP 240 121 1
AP 240 122 1
AP 240 123 1
AP 240 124 1
AP 240 125 1
AP 240 126 1
AP 240 127 1
AP 240 128 1
AP 240 129 1
AP 240 130 1
AP 240 131 1
AP 240 132 1
AP 240 133 1
AP 240 134 1
AP 240 135 1
AP 240 136 1
AP 240 137 1
AP 240 138 1
AP 240 139 1
AP 240 140 1
AP 240 141 1
AP 240 142 1
AP 240 143 1
AP 240 144 1
AP 240 145 1
AP 240 146 1
AP 240 147 1
AP 240 148 1
AP 240 149 1
AP 240 150 1
AP 240 151 1
AP 240 152 1
AP 241 108 1
AP 241 109 1
AP 241 110 1
AP 241 111 1
AP 241 112 1
AP 241 113 1
AP 241 114 1
AP 241 115 1
AP 241 116 1
AP 241 117 1
AP 241 118 1
AP 241 119 1
AP 241 120 1
AP 241 121 1
AP 241 122 1
AP 241 123 1
AP 241 124 1
AP 241 125 1
AP 241 126 1
AP 241 127 1
AP 241 128 1
AP 241 129 1
AP 241 130 1
AP 241 131 1
AP 241 132 1
AP 241 133 1
AP 241 134 1
AP 241 135 1
AP 241 136 1
AP 241 137 1
AP 241 138 1
AP 241 139 1
AP 241 140 1
AP 241 141 1
AP 241 142 1
AP 241 143 1
AP 241 144 1
AP 241 145 1
AP 241 146 1
AP 241 147 1
AP 242 115 1
AP 242 116 1
AP 242 117 1
AP 242 118 1
AP 242 119 1
AP 242 120 1
AP 242 121 1
AP 242 122 1
AP 242 123 1
AP 242 124 1
AP 242 125 1
AP 242 126 1
AP 242 127 1
AP 242 128 1
AP 242 129 1
AP 242 130 1
AP 242 131 1
AP 242 132 1
AP 242 133 1
AP 242 134 1
AP 242 135 1
AP 242 136 1
AP 242 137 1
AP 242 138 1
AP 242 139 1
AP 242 140 1
EN

